-738
-5018
3794
6505
7329
6469
-2592
-4044
-8138
6591
2392
8269
385
-4735
7940
-637
9546
2498
6583
-7034
-4475
-7703
-79
9188
534
-5351
-3811
-2524
1791
-2256
5076
156
3491
7404
5757
-5745
9434
-1276
9473
-7158
-2417
-1211
2646
2433
-6305
3021
8045
4407
-6215
8133
507
6372
7369
-8233
1297
-2227
-2959
2247
-3046
3288
7227
1705
190
9543
-7261
-5540
-3903
8875
-5693
-2377
-8760
-8889
-6441
1246
2286
-6601
-1069
7999
8409
-9124
4916
-3321
-8952
-4217
3567
-9860
7309
7568
3189
6164
4237
-6954
1373
4911
4946
-4631
-1185
-34
-5726
2852
-4116
-7124
-7123
4040
1410
8964
-90
9260
2578
9037
-6907
7694
-1643
8496
-48
-6739
7683
2290
7919
-278
-7453
-6993
4714
-8341
-5990
2777
9651
-8652
9959
-7204
755
2357
796
3739
6896
-5372
6213
7681
-1741
2270
8057
1073
7668
-3032
-7683
6381
1426
4706
9801
-6514
1483
-9057
8692
4226
2994
2441
5253
6138
7974
-8454
3181
-103
6076
-5238
-2736
-9069
-5739
2880
2952
6574
8844
4621
-5077
-3968
-327
-8055
-1010
-1124
3988
-5739
-7178
3941
8372
9923
6060
-2217
-3182
-2570
-9530
9292
-574
-5945
-5856
5273
-602
-4265
-8493
9806
-5279
2978
-2147
8969
-5665
7200
7519
-7089
9049
-8610
9901
2104
-8135
3920
9467
7516
-3765
2033
9307
-8978
3473
2162
-9113
-663
-4852
-7061
-7186
-8096
-1811
3267
8581
1601
8302
-577
8676
-1345
5549
6254
-4804
6236
9772
-1745
-7107
870
-1036
5572
2888
-8699
125
8900
407
-4234
2365
9479
6866
5209
8786
2948
-1776
-4898
9016
-2088
1770
2028
-8625
2350
-7857
-8277
6557
-7218
6505
-5378
-2580
9846
-3580
4373
-8755
7091
-6668
-5641
7889
9076
-1681
-9602
-6818
-754
-4279
-4007
1436
-5785
-6164
4277
-6678
-1386
614
5342
-595
5374
9266
-6462
-3656
-6114
4948
2767
-7391
-660
4825
1319
9883
-2400
37
-9719
8050
1510
2692
8914
5653
-9639
542
3657
-18
-2598
-3904
531
145
-4607
7059
2801
-9459
-5221
6144
-4100
-5820
9441
-7344
-5652
-9683
-859
5184
9321
7509
6746
6037
6475
-2672
-5224
5800
-5111
-7778
1286
-2017
4337
4664
-3525
1636
-828
4235
4612
-5263
-9496
9018
-5271
9615
-3972
-2432
-6181
1355
-2748
6457
-2246
8698
7221
9153
5099
-6669
9641
-7048
285
6925
-8272
-7692
-8288
-2126
-5553
-5060
-5172
-435
9527
-5212
-8336
3863
650
-9095
9329
9133
6232
-5612
3452
291
535
7951
4456
5174
-7835
-4950
-2087
-750
4900
9689
2118
380
-9713
-2084
1013
-9192
-9912
745
-5561
1688
4551
-4688
-8580
5449
3282
5621
1779
-9274
950
-7644
8764
-4860
-58
9207
8501
8075
4401
7193
-5571
-477
6452
-3221
-9018
8551
-187
-9556
-6379
-8900
-443
7315
-2373
1322
-4947
154
-505
-9743
-9381
4154
8713
924
-1871
4456
-831
-8925
-4039
9161
837
-2567
-4025
-7242
-4822
-711
-7462
-7102
-8034
2009
7979
-7758
-9007
7183
-3602
8025
4079
5727
-9279
-2659
-8157
8162
593
-1690
-7828
-8330
-5516
4716
-386
9178
-6700
-6075
-3484
-7659
7176
7118
-8911
-2929
-2763
2000
1181
4933
-3436
-1856
3167
-3056
9222
6229
8527
7009
-1407
3672
5163
-7174
5217
2113
3910
-8878
3434
9729
908
7641
-9474
-4040
-6208
9120
8502
-2106
7241
-8749
7063
8538
89
-6955
4737
3923
8174
-901
6832
1345
-2104
5202
7539
-7034
5603
-1427
-3699
-3625
362
8546
-5849
4966
-3643
-7421
9334
9507
-3891
4954
3466
4126
995
2134
3480
9676
993
-8727
9703
-7245
-3789
-5192
-6523
-3611
9206
931
-5299
3102
-8360
-2949
-2746
5651
9055
-6959
1839
-234
-3080
6111
9905
8120
3142
-8346
-2801
1757
-4852
-9328
6924
9598
-1431
6922
1355
1704
-3897
-6920
3450
9068
-8872
-5605
5100
-8046
4347
1769
2517
5316
-1433
1987
-1061
-8666
-9906
2576
-7748
-8441
1628
5758
1875
8785
3021
-1584
5180
-3931
-8634
-248
5409
2690
2251
313
-4968
-8134
6181
-2746
6820
-4303
-6953
8944
7470
5403
-1532
-8522
3152
4663
-9220
-4804
-6130
-3987
9000
-9485
-1525
4281
4295
9957
5915
-3416
-8447
-5583
-4291
8635
3032
402
7366
9118
-6073
162
299
3456
-259
-4949
9337
9983
8713
2313
1280
5388
7644
5718
6470
5905
8622
825
-8602
3681
-3531
975
-1778
350
6407
-5740
-2454
4753
-1315
8960
5821
-5925
-6594
5502
-8387
4476
-404
-8006
-4360
-6605
-4257
-8509
6605
-1198
5782
-6630
4828
1055
6062
9676
-2068
325
6555
-9595
-2538
7394
5744
6387
7457
-9977
5824
-2159
6012
6194
1000
-7314
-5583
-4656
-1538
9790
231
7284
-9652
-7421
3861
-4997
-6511
-841
1306
-7024
1920
-1728
9908
-7635
-8101
-2180
5021
4086
-7391
8784
-3385
3714
-9363
-9832
-9219
-2552
8711
2003
-1826
-8650
7669
479
9684
-579
-346
5691
1977
1069
5271
9691
-1914
6361
8884
232
-3696
-6893
5103
-5474
-8956
5958
-1399
-9529
-6715
-834
-6332
1044
-4196
372
6280
9862
176
2586
5042
-5827
-2594
1274
-2309
-424
-5742
-7228
-8095
4002
-1773
5268
-6122
304
7532
-5331
-2001
-7433
-7867
-5680
9874
-2806
-1916
3069
3358
-9704
338
-5011
7357
-9905
-9299
-3665
-6243
-7200
-5713
5028
4647
5205
8215
-4816
-53
-9896
-2858
7308
-3828
4549
7235
9026
-3054
1732
4397
-6112
-4771
6525
4778
6218
-8462
7930
6958
-9967
-9613
-7458
3494
105
-1728
-5604
-1280
-6657
3993
-9353
4302
-1738
5046
-9189
8991
-9076
2546
-7811
2685
7170
-3630
-5680
-6542
2026
-7693
-5099
283
-5385
2986
-3971
-9605
-733
5896
9895
4920
-8879
-5997
4638
-8824
8128
-4652
-988
4476
-4913
7395
-3107
7758
-2653
7542
8045
-3085
1828
6670
9572
-3309
-1429
-7230
-675
-8688
-7053
5103
-4529
3182
1861
5799
5279
-3614
6130
5152
-634
7075
6514
7554
4211
8266
-723
-7866
-8854
7569
6328
-2009
-1560
859
2695
-9219
8854
2414
-2873
-2098
-2083
-8175
6192
3620
9386
2800
-3108
6607
-6210
-159
8027
8430
1327
-1596
2908
-4707
4681
3335
-9753
679
-4469
2017
-9812
1746
6081
3855
-551
-4526
1686
-3721
7351
321
-5399
-2970
388
3835
-7076
-2947
9610
3537
9030
-7162
3433
-2665
9195
7575
9809
4619
2559
7115
-5118
-8338
-1167
-269
8769
-9265
9185
1600
2556
6146
3075
-8823
-8518
-1029
5392
4520
-470
2218
-2403
6241
7782
9224
