8547
3317
-4843
-8226
-1517
7201
-5854
3040
8520
1442
-6732
3146
-6030
-3685
4898
5902
-5307
-9684
12
-6048
724
-3156
3930
-4515
-5971
971
-6400
-2966
748
-3814
-6523
1368
2972
-8963
-9524
1235
5605
2936
-4613
-2695
1980
9545
-4867
-2167
1674
7551
-7035
3513
-280
3766
-5762
-8695
1809
4965
2342
7269
3876
2180
-8602
-2524
-906
7389
-2997
-3074
7275
-5519
-5987
-2478
9795
-7439
-6400
5903
-6998
-2482
-4736
8094
6357
5779
4127
734
-5944
4322
4435
-486
9300
8621
-5231
451
4439
-1975
6785
-5924
-1038
-6856
3208
-3371
-8733
-1248
7628
-6058
9747
4621
-6052
-4473
-4243
-9841
-8516
-3333
9974
-2341
1369
-8564
-8654
-1783
-5640
-7794
-9697
7486
4649
-2265
2261
2102
343
8393
-1549
-3810
-3751
5553
