-4240
-6139
-6595
1689
-2467
-9343
9914
-2007
9950
-1291
-911
8973
-5322
-3906
-2287
-6057
7208
-6385
-6376
8834
3484
2104
2354
9678
201
6121
-7150
6204
-8432
-7669
-1395
-2452
-3900
9032
-2536
-7518
723
3064
-7025
-7849
4231
5566
4683
-6014
-7287
2308
9066
-930
1655
3961
-7682
5020
-8825
-8663
2088
7692
9279
5549
1280
5390
-4583
-6279
-3345
5061
5399
647
-854
-5294
-4802
-9126
-5547
-4547
4112
-2560
9661
1167
9027
5196
4148
3096
4777
2979
-956
5952
7674
448
6138
-7303
-685
7894
-211
-9678
-4469
-331
5658
864
2538
2068
-4220
5706
-6278
917
6564
-5990
5923
-9655
6156
-3914
-9649
-7192
9984
-673
1355
-1121
-7752
-4339
-1891
4055
-3249
-2098
7813
4126
316
6668
-2227
-8954
-9566
-5919
6060
7038
3466
-7984
5719
628
-6815
-4488
3336
4252
-3770
-5228
1722
1400
8674
-9627
-3314
8181
-5725
3480
-4504
-2515
3816
762
9548
8754
-1753
7354
7627
3657
-8243
-9466
-7397
-7542
-5088
5158
-221
-3401
1712
-737
-1222
-8096
-7847
6681
-50
-7672
-3910
-6496
-1491
-5760
6409
-1631
1237
7333
-2371
-8542
-1005
-3123
9766
-481
-6395
3419
9925
-8097
5653
9491
-5655
9954
1761
-4063
-9435
-4050
5709
399
728
4101
5925
8779
3257
2199
8994
6386
-1216
5627
6584
2444
7701
-1955
275
9836
6050
-5967
-9159
-7717
-6567
-6165
-8632
-2087
-1102
-5035
-5859
-1363
9704
-3286
-4344
-223
1279
-5914
8221
9698
894
8968
9881
-9383
-6487
418
-3426
-4883
5576
3984
-8417
-4928
3008
3110
-1849
192
-4175
883
-7690
-7668
-6954
2323
-1620
-9673
1652
5818
-5610
-5003
3252
8200
2082
6603
-1904
-9275
6400
-317
-3042
-6985
5359
-1566
7428
9625
-5817
2672
-6013
8045
7519
-9967
5942
-6445
-2706
399
2042
1817
4166
-6046
-9894
-2859
-9259
173
-1072
-9634
-1690
4457
7949
4503
-107
-7213
2462
-6776
7655
-5720
-5285
8150
2704
-3729
-2265
66
-5039
-1820
-1462
-9341
-8723
8192
8493
6001
-6642
-7056
-4106
-815
-5052
-9106
6606
-1663
985
8952
-7590
-870
326
-8371
-1694
-5062
2263
3452
8301
-5626
7249
-9673
5932
9827
1891
-8084
5812
1245
-3563
-1675
-5461
7222
-1000
-7202
-6441
9158
-1066
-4884
-9088
-2787
-2631
-3344
-8552
-7565
-4261
912
5570
-2789
4573
7634
-9395
-8855
739
9956
-4728
576
-2949
-1313
5726
-8520
-3969
-2707
6392
-3804
-8816
5432
6534
5487
6039
-5753
5549
5296
5343
-1358
2808
7974
-4078
-9825
-3889
-2186
666
5047
3139
1082
7383
-2792
7929
9817
-5684
-7068
-8392
-3140
2825
1272
-5607
-7757
-1280
284
4030
1974
-3431
-2268
1483
2114
-1522
1550
-3555
-7008
-895
641
7254
-4261
2632
-1461
1443
-4391
9989
1045
-3316
-7745
-8090
-3489
-998
-7747
4804
3902
7346
-8327
1162
5765
2245
-5750
5806
-3912
-3358
-9766
-7672
-8161
-898
6688
-1032
483
-7658
5823
6686
-929
-9681
8503
-3367
-5162
5771
-3951
157
6455
8878
-1236
-7801
-4027
-1966
3942
-7709
-2942
2292
5583
5611
-8480
-7445
4271
5304
-7351
4760
-7750
1831
6266
-7698
1942
6013
6849
9627
-4770
454
-49
4502
9794
9811
7083
7415
3604
-6628
52
-6948
5806
-2489
-7637
1875
8433
5280
-5808
-6019
-2563
5439
4247
-7468
5368
8265
-1696
8237
-5830
-8476
-3295
4481
-9548
3091
-7108
4451
568
489
-3815
8326
-4701
-5204
-5426
-5879
-4574
-3740
2344
-7453
-768
9290
5627
-1520
928
1727
6491
-8586
3962
-6407
1730
1774
9255
9861
8870
6978
-1225
-4658
9453
6975
4348
-3157
-9540
-4919
350
-9963
-7823
7206
9632
-8991
3204
-7774
-9073
-7347
4693
-991
-2661
-1389
-8195
-5536
-7704
9891
1500
-6440
-9832
-520
5214
2867
4094
8030
-7422
-4229
5985
8337
-6495
6110
-8441
875
-4629
-3180
7542
1705
-5427
-3905
9013
-6466
3943
2927
8158
5852
-1448
-7563
2614
8490
-6261
-6355
-9814
2984
6103
-8167
4751
-4746
-8472
4040
-655
-5595
-1590
1589
-3630
-7987
2735
-6489
-4504
-878
9777
1543
-4249
4832
-7492
9493
-4169
-246
-1415
7954
3051
7424
-3493
1864
-4730
2735
-542
-9799
-5256
8234
-9658
3858
-1908
-7427
-4644
3023
-3002
-7105
6301
781
-6811
454
-6822
524
-215
-1819
1603
-604
-2953
-1377
5179
-6037
-323
9361
2020
2931
-3909
3623
-3567
3818
6346
-7703
576
-296
3787
-6563
197
-3438
-5094
-5306
-6343
681
-2393
3557
-1413
-8203
-6432
-538
3047
-9055
-8873
-1865
-8266
1692
-8173
6458
6633
4902
5419
-8038
7344
-2530
257
2848
-3275
-6113
9058
3195
-3112
-9655
1461
3627
-3742
876
236
-3020
9794
-539
-9921
-3594
2783
7171
7553
-1828
7673
8049
-8234
1323
7009
6048
-1283
-7024
6028
3563
5026
-6836
-8112
3984
1976
-2471
-1482
1888
-5802
7786
-5634
7737
-7779
3616
-5859
-238
753
169
-2539
-3163
1019
-1816
9165
-2657
-6823
-4012
-5300
119
-3020
-5760
-7535
-1712
-9377
4228
-879
-2005
9785
-6740
5079
-2470
5745
9477
-405
-1538
-4717
3024
7530
8274
-7887
-2427
1589
-66
-2949
5311
8858
-5191
8917
9812
4173
-4946
-5278
-6457
121
-9794
2883
-8526
3600
5073
-2583
7127
-5857
1345
6251
-9226
-5417
-4268
-7425
-1708
8332
4895
8492
-8567
-5539
-6320
-7438
-4071
-5035
-5565
673
7227
7723
-4743
4715
6238
3455
-6980
3329
338
5408
-903
-4000
2179
637
9322
6836
2222
-5729
-9440
227
-261
-4535
-8996
-966
2632
8294
490
5482
5602
-5486
9011
-47
6053
9433
4948
6704
-4598
-710
1269
-6538
-3055
-1202
-2373
-8388
-7121
6188
-1606
8199
-6474
-6872
-3787
3733
8198
3946
3523
-2242
2150
-2354
3775
9801
-9598
-1236
-2241
2063
-9786
2219
-5037
-2243
-7640
-1922
-3665
-5075
503
750
4566
-2169
5969
-1237
-808
8044
-7102
9715
-4795
8494
-7741
-8839
2401
-739
7098
331
6284
-7588
-5871
-3452
-8818
-1529
-4357
723
2218
-8350
5089
4511
4790
353
-6408
-8233
-6224
-3862
-7615
4313
8854
6957
-1823
-2477
3236
-8753
5336
-2348
-8494
8961
-3063
8256
8062
-9484
-2659
-2758
-8003
-9769
4759
9379
6977
2305
3560
-3083
1301
-1697
4159
-6479
3119
-3006
-1064
1592
-2445
2370
-2614
923
6055
-8330
6862
-3581
-928
-1210
8134
-5564
-8915
6392
-9014
-2281
8653
7870
-5513
6289
8168
5508
-355
-6487
-3097
9524
125
7491
-7435
1995
5553
6814
3088
-7176
3443
-1260
8563
-4163
2082
5560
8750
-3934
3280
3193
8941
-2260
-3589
1976
-979
-9740
-2450
-2153
-7478
-4590
-957
-5194
-3048
-4088
-7958
6186
4159
9076
-9386
476
7167
-9398
7323
-3351
-9364
-4227
-4824
653
8056
7120
-8506
-9869
-184
-784
-3004
-2293
5032
-5730
7912
9519
6170
851
-1109
3407
-9390
4453
-6034
8065
-3102
4581
-4739
-2440
-5054
2088
-4314
3297
-2726
4455
-9369
4208
-1830
-9877
-5868
6442
-9249
-1372
6473
-6379
-7252
1102
-6944
7554
4394
558
4775
-4091
-9983
6812
546
9266
8606
-7384
6433
-1254
9902
3288
379
-7859
2163
-1919
-4862
5480
1214
8438
-2811
8326
4445
-6108
4737
582
8149
-8736
-5798
5378
-814
5128
-2918
2939
-6163
4074
-7290
-7139
-5959
9868
2293
-1343
676
3347
1196
-4728
-3130
2267
-8612
883
9480
5922
-9658
-2034
-6412
7788
5904
-4042
-9110
9139
-1728
-2669
3394
6689
2063
-1422
4787
-6736
-5711
-4844
6780
-9007
-9977
3574
9978
-9897
925
9467
-6996
-9629
-8086
-2749
4963
3782
-9888
-4887
-9730
-9716
-3100
6886
-406
7024
7634
9009
-943
-4884
2874
-9328
-3694
2835
5095
-121
1677
-8841
-1436
1141
-3869
5549
-2439
3431
5666
4750
3509
3541
2911
9234
8171
2583
2837
-9916
4539
7094
-7585
-5376
-6669
6147
-2957
6863
-7809
-6169
-464
-1956
6563
-7268
1493
-5838
4622
3801
-3343
5470
2773
-7993
-2506
-5896
6552
7087
-8605
8458
-2084
-1879
-3831
-6769
5268
-9764
951
709
-3573
395
-5994
-5669
-4252
4085
2032
-7237
-6878
8839
9446
5812
97
2087
-8522
6797
-4173
-8829
-91
2795
1129
6588
2175
1456
663
-3174
-7446
3852
163
3737
-3095
-9428
5374
-7813
-5674
-8938
5682
1978
-1790
-8724
-7617
6596
-7779
181
-1142
619
-1181
-1104
-9593
-8217
-5462
-7256
3103
-5589
-7338
4035
-8105
7288
-2195
-5598
-6899
6253
4858
-1849
-2375
685
-4728
1892
8787
-7445
-119
5616
-6752
-9779
4328
6619
-1675
3185
-8404
4132
-5369
-7516
7663
-7814
-1246
-3935
-7192
309
8858
1412
6524
-9855
-2508
8327
-5960
-9277
-5993
-3993
-2402
7956
4962
2633
-1016
-1262
2758
-9377
-254
-9050
-3429
-6200
-7382
1409
8922
8629
2818
-3082
-5447
-443
-203
-4244
5689
4214
1614
158
-7194
5047
-1121
7394
-9830
4639
-7187
8473
-6530
6064
-2738
1010
3431
-7377
284
-257
6999
-7821
1954
-1192
5716
-8909
6207
-5267
4349
-7940
-4067
-6379
9679
-859
2987
1172
-9500
-2344
2144
4707
-8330
-2025
3774
6012
9322
3332
9646
-3096
-6496
5410
2099
-203
-5303
-1383
2340
-8918
4512
1679
-669
-3220
-8079
-5050
-1671
-6076
3244
7818
4683
3890
-1215
-5855
2141
-5627
4364
8327
-511
-4756
-4638
7998
-4869
-9737
5448
9265
-5946
-8913
3518
-6885
-3005
9334
-8891
-314
-8149
-5969
-4465
-848
-6481
-8507
-559
-8113
-7442
150
-1234
8343
-6746
7460
-2208
9199
2389
-7786
-7983
7813
-8394
2885
8169
5304
9269
8467
-5800
7667
-9489
-4782
319
457
-1533
4555
-2756
-8352
6828
-7597
629
8178
-8806
-4814
-4008
-7448
6770
5224
4087
776
7570
-9453
-188
-266
-3970
5137
3642
8620
7655
7465
-3056
-4155
-8261
5391
1987
-8088
-9715
-8377
-705
-9535
6633
1476
-938
-8263
-6306
-9552
7540
-6321
-6870
-389
4466
-8674
4503
9853
6927
833
-7209
-9162
4160
8721
-6072
9485
9351
7091
4064
2265
1662
-8668
9455
-3601
-5269
-8346
-3295
-5544
2930
5619
-9595
7677
-6846
9798
9003
-1757
782
-7485
7721
-7837
5436
-1996
1967
-2548
4605
-5282
-688
501
-6232
-2230
4444
1013
-3744
-2859
-7400
8781
4552
411
-3520
7429
-2491
4805
-5396
-7850
2309
-2366
4323
1845
-1026
-3130
-7190
-8333
-7898
-997
2025
-1921
321
-4617
-3174
5031
9614
9729
2287
-7579
1901
-9801
4174
-780
-5632
-8322
-9107
-8184
-7313
7198
-2209
9367
7937
4514
6369
2239
-9301
-6219
-7172
-2613
9826
-5701
-6405
7157
-5100
-4980
-6293
5070
-6156
5334
8036
-2126
-8183
2913
-407
6591
9823
-6795
8385
52
-6808
1323
8495
6343
2060
1046
-3189
-4153
3314
-9817
3151
9609
1937
-9408
-720
-1677
1231
7538
-8207
-2687
-4077
-8258
8986
-4092
-9929
-598
8060
-6357
9485
-4155
-9121
4101
7694
9047
-1612
-58
8719
-8631
5289
6253
-2645
-3639
7756
3288
-8857
-8052
-9155
436
9523
2748
4248
-3862
6133
-1784
2027
-4836
8910
-1363
4989
-2756
6229
-9468
-7226
4517
-6302
-802
-3894
4794
-5452
4736
-1292
-2741
-858
-1544
-143
4425
-1678
1275
-4251
-3255
4236
6849
7978
7634
-5846
-7179
3034
1042
-8902
239
-8788
9706
884
-5660
-6549
-8074
5324
-9961
-9073
-2999
8533
-2866
-8185
5460
-126
5588
-1068
-2993
-3761
7674
8908
-8223
717
8124
-3817
-5592
-2961
-2888
3935
6245
1052
-9267
9034
9178
285
2272
8736
2309
3269
-1276
7450
6741
-1307
-2386
-8142
-4124
-154
-1535
3758
-7568
-4111
-8360
-6860
9491
-9369
3499
-1903
401
-5343
5699
5109
-3870
3461
-1454
8649
6981
2274
-8240
3607
8304
-9395
9916
7557
-9674
-1467
-7344
9349
5944
7772
2187
-1654
30
-8272
3731
9823
4080
5902
2409
7333
6216
-5045
-2752
-9321
-3968
-4421
-567
306
5907
3447
-6262
-4357
-5157
-4037
9011
-7436
-1374
-7493
573
-8993
1455
6743
-5721
5709
7052
2165
543
8195
-2041
3729
-1759
4421
6711
-9082
3540
3626
-875
-1852
801
-493
-2763
8225
3998
-2116
-8790
-4038
-4187
-2792
-7631
-4069
7051
4247
6265
7400
4500
2527
-8183
4088
5783
-640
-5816
3806
4639
3977
6487
4415
9564
-9411
8374
5097
-5356
-5629
1335
-8568
6504
2430
6335
-448
4149
2918
6701
1000
5178
-2981
-8181
929
8807
6124
-6258
8321
55
8650
-5598
-4332
-173
-7995
9946
-4690
7443
-2346
-4300
-52
-5877
775
561
-6459
-8636
5310
-2239
-4877
-1894
5860
8958
-1677
-2389
68
9043
4079
-2926
8071
7112
4562
-6196
-4755
-1608
3686
9491
501
9919
4217
2322
7438
3153
5697
-8060
-7253
-5190
-8175
-7269
6611
3744
-5689
9611
8413
7014
-3259
3460
9643
3393
-95
-9648
4806
3548
1873
8324
-6022
2861
3885
-9515
-7639
6860
3391
3336
-6133
-2700
9335
-7093
5620
-6516
-2483
-2368
7036
9654
-5134
9896
-7634
-9609
7011
-5266
-271
-3506
9056
1059
8798
3155
-4262
5913
1890
3201
-5727
3857
5328
-1119
-520
6044
-783
4231
-3378
3309
-3232
-7584
-1786
-2120
7297
-2283
-1802
-646
6816
3407
-8235
-2358
-9497
9459
-562
-8107
-2546
-7862
-4438
4974
2919
-3014
1234
3410
5066
1825
-2367
-206
4934
799
-5061
-4344
-7471
9239
-6227
-5369
-3989
4678
-5852
9181
7199
-5806
8697
-8591
5443
-5039
-5458
6625
-4720
-6493
6240
6159
-5892
-7750
9878
-8634
-6257
-6658
-1751
-4417
-6924
-8406
-2613
-1194
2717
-4898
9402
-8753
-9588
-799
-7756
5102
-2844
2045
4617
-4051
-1590
6518
543
1816
-8095
-8385
4117
-7836
-9401
5507
-2760
8290
-1776
6607
-1544
592
3318
-692
-1553
-1234
2161
3467
-8151
2926
-296
3676
7741
7067
-2526
1879
873
8010
-1081
-2372
-2842
1304
-2918
9922
-1863
7405
-5036
-4659
9424
4208
8445
-6760
-5404
-587
2238
-7208
8656
-9239
634
6094
-6506
-2252
-1444
1073
-6073
-999
7445
-6298
-3228
-1320
7553
2339
-2496
-4989
-672
5473
9225
6161
891
2827
5744
5982
7684
-1035
-2130
4143
-6795
9324
9085
-9729
5001
-1725
6932
-8731
929
-4602
-7784
-740
9394
-2151
6213
2138
5189
5712
1054
-9145
-3823
2175
9508
7013
5586
1710
2776
7142
1872
3230
3504
-4779
-5618
3143
7903
7640
-3703
-5040
-7896
161
-2529
-8614
5764
9561
4513
8895
6263
4860
-2543
8467
127
-353
-1990
2265
7796
-2049
-8660
-3487
-2189
-5504
-5096
-9969
-7461
834
-6986
-3539
-3811
-7160
-3353
3126
-4445
1360
7061
-9738
-3277
-6221
2469
652
2977
3665
4592
-9813
1985
-7973
1876
1969
-2795
-73
-9663
9823
9518
6517
881
-7780
2602
5426
9773
6470
-171
-5749
5249
7469
-7237
-8499
4963
7014
-7197
-5655
-4121
-8054
-7079
509
-1671
2548
-8901
-4143
-3958
5275
-2624
8006
-21
-9657
-1676
6428
-4564
804
4983
-6660
-5064
-2782
-8189
9969
-8400
-8062
-1046
8374
-4791
-7002
1186
7545
-8267
-3873
6785
-7210
7437
-6623
-3982
-9016
-5719
9742
-6336
4761
-5654
-3146
2418
-6180
-304
-7532
-5052
-5274
5618
-2410
-4703
-1003
-1089
-1036
-8139
8254
4485
8697
2786
5937
5605
9429
4247
-4139
5281
-1204
-5081
3343
3657
-459
-3760
-3780
-9139
6276
1141
4804
-658
-5293
-5891
-7162
-5974
3944
8275
-4673
-8879
5712
1781
8048
-5808
-9841
4730
6668
3530
-3806
-1186
-6638
7261
-3646
6139
-9354
-2058
7066
-5839
-1005
-302
-1090
-1770
-2095
4097
6765
-3840
3135
235
-2357
7201
-1598
3579
4586
2497
3996
2595
-1504
7698
4627
-2289
5588
6536
-2089
5531
-1252
8800
6682
-3172
-7432
8763
-1609
548
-8443
3934
6795
-518
1016
1017
-3527
8027
8798
7855
8619
200
-5061
-9705
6293
8057
-8887
1433
-4062
-7106
4837
1165
5956
8926
-3352
7638
-2216
9309
5332
-2709
-4446
-4999
-5873
8622
-8649
1590
6164
9968
-2272
-4138
1694
-4111
8653
-3385
5827
2290
-2550
-8255
4318
66
7761
6861
-4959
3858
-1493
9364
9086
-2313
-78
-7053
3009
-8448
-9322
2115
9110
-7886
-1762
584
6571
3550
9947
9017
9078
-8995
-3828
-6337
310
7480
8859
3621
2152
1093
5877
-7864
-9222
5655
2447
4570
3123
7408
968
-2459
-8920
3995
9459
-7312
5645
3686
-1499
5479
-7336
-2519
4270
8459
3471
7281
-4524
5478
-8590
2046
5522
-7728
-6333
9064
-9537
-1735
-2811
-4921
1039
-7892
-9229
623
-3224
-6349
-5433
1860
2340
-7542
6805
-9087
-4425
9509
-6162
-8952
3072
-6633
-1860
-2203
-5680
-4529
5928
6197
6203
4136
-9300
609
-8994
-757
7002
-1842
6402
-174
-5815
-2821
-5706
-9005
8932
-5222
-3523
-61
-5367
8679
5999
7421
-8666
3985
-3468
-1198
-3475
9906
-5089
1376
8810
-6952
9588
-1014
541
-7586
-3876
-4428
5867
-4861
-6618
3396
-878
2641
-1304
8521
0
-8058
-2324
9223
-1940
4053
-427
-7558
2526
-5801
1383
1999
4762
-4457
3140
-9442
5655
-4811
-4933
428
-3740
-7583
-5806
6095
-2948
-4162
4676
3025
3432
7547
-6644
8825
4031
-3957
1613
-1226
-6110
-7241
2890
7419
-1915
-3648
5207
-6321
-6848
9751
2843
6691
-3477
-3540
-2577
9977
4672
3468
-4416
7151
7385
-6357
-1310
-5368
-3198
-3540
-5524
7661
-6668
-2173
-1932
-4456
3599
-1322
1444
6787
-8271
-2935
5030
-7488
-6338
2343
1568
-9220
1859
3429
1525
8915
-4244
9766
6451
5373
7016
-9478
8098
9255
-9389
-2879
-4020
7072
8267
-157
1226
-7448
-476
3320
-7496
-1867
-9942
3535
6515
4253
1108
4072
2321
1990
-8144
-6524
9825
6406
445
1
-5836
1562
-2517
5078
-6044
5352
-2171
-9899
-403
-9189
-6395
-69
7336
7130
-2065
-4801
-7914
4795
1630
-2006
-9557
3682
8049
5766
-7966
-9615
-3351
-7424
2289
-1335
-9284
-3033
7894
-5551
3541
4664
-6666
-1481
-6270
-7331
-9712
-9267
7747
-649
-5345
6125
9108
4450
3783
-2522
2772
-5916
-9536
-776
2609
2013
6546
-1793
2016
-4681
-3435
-3371
1800
5134
3776
2238
-6218
-6394
5942
-6551
-2490
-1865
2952
4485
1484
-2807
2535
7427
3896
-2423
-4322
-4658
-2291
9437
7035
4149
-8048
4718
-4222
3362
-2473
-2020
-7431
6324
-3778
8211
-4457
282
-9678
-5064
941
-1041
621
9583
-1346
1420
6819
7193
2454
-2726
-8289
-5698
4971
-2359
6865
2508
-9621
3902
2380
-7978
-3704
7308
-6914
-6412
-6980
-995
6943
-9459
-6088
3141
5907
-9551
-7826
3814
7790
2534
5937
5771
8995
8884
-2785
7455
8916
-3888
2062
-2017
8971
-8131
2068
3671
6201
3378
-2433
1237
-1762
-6757
-735
8488
3731
-7324
5932
-1229
9755
-6876
-3859
2508
-3723
9027
8898
5702
-5320
4232
-2956
-1433
-885
6650
-8265
8719
4247
-3538
-7437
6457
-9449
-9421
3952
5603
-2326
-6586
4423
-1947
-957
-8368
-6534
-4877
-2416
5941
-9349
5923
-3370
-7946
7152
3829
7660
-7368
6371
4482
9491
7365
-3463
4610
5292
7685
7635
776
-3941
-511
-9400
3625
846
-5099
39
-1659
6446
-3005
-3658
5493
-9631
-9793
-9588
-2556
39
-1631
-6912
-7458
-7478
7017
4582
890
-527
-4025
3120
-593
-2486
-4305
-2886
-1764
2281
30
-8658
-642
6358
8661
-5894
-5268
1930
-5994
-706
6221
-4206
4251
7919
8998
-8875
7954
-9605
619
-7654
780
6154
1435
5980
8046
-5532
-2323
3705
-8871
2231
-9733
-7886
-3241
-5074
-928
2405
6971
-1904
-29
-9978
-4139
6604
-8349
5859
2821
-3967
5754
-4987
-9243
2061
8853
2939
2843
-4125
6692
2023
-3626
-8847
-8808
4443
4469
2682
789
-8287
6220
9991
8153
-9035
6502
7005
-7485
3226
-8017
-1952
6622
2384
-9465
6649
-6268
1804
4530
-4490
-9895
-2969
8680
3602
-3965
-890
7672
4007
-3163
3278
3316
-6373
2553
5418
6942
-5836
-1150
-7782
3533
9778
-9812
-8046
9197
1457
3852
-6662
6976
2261
-473
6351
-1521
5159
-3649
-7636
-7291
3160
1014
6426
-9188
-9492
6027
2357
1007
-6283
9193
-8751
-9253
1200
9146
2378
3194
-2398
8271
2776
2832
-3526
9688
4410
-7965
1677
-5462
-2431
-2961
-1294
7235
3513
-3232
-7050
3268
-5296
8078
6917
-5230
-7835
2751
-1914
-1201
8672
-3478
810
6487
201
8861
514
-5463
2088
-7870
2821
-206
233
5378
-5442
-9106
531
-9792
-6248
-9255
-9904
-9339
5231
770
5747
5148
-9736
-935
-6738
1543
8470
-6529
-5934
8774
-8782
-9887
6664
2633
-7559
-6282
3726
-885
7817
9420
-5479
4456
8232
-33
1495
2683
-7883
-8105
-1454
-614
-3747
-6479
8691
-3292
-4995
-6236
8027
-5693
-559
759
9298
8465
3009
-4115
3468
284
6478
5985
682
-7528
5106
-6556
-9190
-5852
-1933
-8414
-7932
8580
4926
6565
4877
9861
-7894
4595
9932
-5296
5565
-4307
-6921
2208
4523
4315
-6912
-7612
-5201
-7371
-7160
7021
818
-6811
3693
9955
-32
8651
996
473
6662
-3098
7305
2210
-3491
2159
-3591
2991
-3110
609
-7608
9669
8185
-2607
-5813
8112
4367
-5324
-609
-1829
9769
3714
-6919
-6464
-5518
7496
-5454
-5085
-4023
5007
-7969
1729
2098
5315
8276
4879
8749
7025
7325
6541
-9026
-8482
6456
-2605
8569
-3994
-555
9792
6634
-5030
6424
897
-474
-4103
-1813
8689
4719
8180
-5522
6996
-4723
6628
-2034
-9607
9433
-2246
247
2624
-8069
-6308
1023
-7407
9748
5043
-4345
9671
-8523
2229
3548
7999
-7673
114
-3078
-3306
7264
-783
-5174
-4237
4797
-9394
-6582
-1332
4008
-6117
-4971
1749
-1446
9587
8393
-2065
-4007
-5698
6906
-4818
-6299
8619
5072
8518
-8030
9132
-1992
-1245
-1382
1317
195
386
-5347
3915
5222
-2304
9739
-2076
7308
-1101
-5210
-7644
7260
-7817
-3138
5064
-8681
-1134
-7168
4224
3935
-4688
-9119
473
7652
3162
-9399
-2232
-6273
5405
8148
-9389
9151
2877
-2419
-561
-8511
-4030
5126
-4774
-4735
3228
-9901
-3307
8514
-5520
-7890
6197
8846
9352
-3262
-4000
5825
2612
4772
9376
-1970
-9590
-8355
4454
2381
-1853
-1895
1204
8495
-5250
4112
5148
1461
2437
707
-6162
-7363
7464
9923
3862
4082
-6697
-7928
9957
7838
-5306
4710
5355
1484
-3991
2464
90
3761
-5853
-1573
5868
-5115
7406
9624
7797
4812
1310
8118
5893
266
-6394
4916
4522
6699
3716
7410
6792
6954
7130
9980
1360
-8113
-2511
3216
-3805
-1811
9758
-2104
-9992
1970
-7069
8558
1050
-1852
-9332
895
-2182
4769
-72
6800
-842
5105
-7900
5648
-9741
-1363
5973
-7864
5184
1300
-5041
3220
-6634
8055
6604
6020
4972
5429
492
-6862
-5448
-875
-7980
-1238
-9792
-6962
-4477
8985
1425
-7069
-7096
-628
8577
7014
5072
3077
-5699
-8231
-3745
-315
9862
5053
5193
-6336
-2560
-551
4612
-1155
3623
1772
8617
-4462
-4244
-5646
1352
-7256
-9100
-2069
-7231
-8780
-3008
-2928
5262
100
-1498
9026
3852
9845
9356
8676
3213
-914
-6638
3926
5009
9651
7548
-5787
-7069
-5388
-1831
1752
3079
8765
9831
6400
2037
5064
7878
9714
8043
1035
5644
-8148
-1024
-3394
7803
1997
-9502
6014
-5508
4909
-396
-6506
7027
-5843
-4046
-3533
-2146
-3950
4808
-9419
-3567
-7840
1340
-7677
2161
4208
963
444
1445
250
2188
-1064
-5906
4664
-698
7765
6800
900
7100
-7557
-5160
4627
-7248
-902
9065
9981
-1349
-8495
5104
-7947
-155
3092
-1145
-2703
-9332
-2085
-958
-8877
-4026
-818
-8778
-781
-4409
2144
-6856
2903
-2291
-4530
7077
-2038
-1626
-2939
-3464
2481
2120
6654
-8828
9178
8132
3572
6822
-8594
-503
-3115
323
-2758
4325
-1920
1218
563
8315
7293
8653
876
-3382
1108
1356
7818
-5000
-5872
3489
1241
-4539
-5551
1654
4145
51
-3000
6961
9618
-2677
6766
8761
2207
6214
-731
-732
-5274
-7915
9838
-91
-6388
8361
481
3102
-1462
-4442
8760
3332
4721
2726
-2910
-4765
-541
-950
-5423
-2925
7413
-6137
-4375
5765
-3199
145
-8277
-6745
-6634
1191
1253
6704
-7258
-9058
765
-6381
-9067
6188
9879
4531
7833
-5492
-8992
4396
2380
-2567
-3321
-3883
2641
1817
2814
5364
-22
9356
9446
1122
-7388
4350
189
6600
-7326
6636
9290
-3992
-6543
6130
-659
7458
-3621
7438
-2844
-3009
8036
9980
-222
3908
-7003
7563
4210
-9045
-6927
-8149
5340
-9230
6594
932
-4630
-7505
-3902
9717
-850
7319
-8977
9309
7175
4838
2578
-1817
-2417
3980
3526
2700
6178
-9111
3900
-8494
-3673
4684
-7435
6878
9540
-3615
-9534
-2616
-5442
-3483
-472
-7348
5290
8018
-3133
-7208
-2262
-2370
-1585
-4824
474
1793
-750
-8033
-3084
3640
1243
-538
-843
-4625
3030
2900
4141
-7401
8146
7500
3995
-1213
-2735
-2070
-1497
5574
-1803
-2711
-3064
-4594
-656
2573
8451
6281
8992
6572
-8395
-8554
6192
-1162
9915
-7251
-4103
9121
8276
6569
-1349
8447
-6725
8789
-7912
-2288
1732
-5358
-8126
-9670
-137
-3359
6584
6357
1275
-1427
1951
-6293
748
8011
-5786
-9107
-695
-1033
6904
-2247
-4039
9066
-1205
-4969
3548
6719
-2834
9888
-2492
6351
3475
3956
-7051
9235
-8726
-9517
-2832
-9211
-6795
-873
-5979
4842
-24
-8791
-1153
2076
8756
9421
-1562
5115
-1409
7342
-6128
318
6324
-7219
-573
-5594
7877
-9396
-7939
-2799
2492
650
-9494
-303
-4243
-1417
65
2180
6080
7093
-9794
5964
-3862
8468
4270
-8532
-9463
-9276
-2522
-3070
30
-959
3313
-9081
504
8994
-84
-2430
-1227
343
7701
2451
-6678
8461
-7739
-8269
9715
9310
8447
-6902
-6756
-4626
827
-6235
1855
8796
-140
-2886
-3812
2221
3461
6374
86
-851
4510
-4371
-5556
-9228
-7130
-8332
-1168
-6655
6463
7501
-9958
5800
-4582
-4299
-7817
-8892
71
4844
9611
-5598
-3198
-9315
-2663
-7008
6086
-3512
1272
-7507
1470
-5795
-3446
-9809
-3
998
1633
-211
-2030
-9298
-8073
-5399
2216
-405
-4930
-3580
-9272
5534
-2752
6560
9326
2153
-9829
2330
5855
6892
-4053
-1394
9576
-2781
-3222
7165
6265
5543
-6909
-4207
3041
-405
3575
-3022
2892
2281
-1470
-4121
-8766
-101
-7610
1167
-8141
-244
5397
-7776
7171
-757
9637
-8608
2613
2540
9966
7061
8224
6600
-6088
-120
2657
1603
-6215
6842
2585
-1229
8363
-7601
5173
8111
8626
-3854
-7593
-447
-6856
7775
8748
-5394
19
61
5065
4499
5880
9760
9191
-2103
7113
-1924
-6110
6608
5106
9343
-9436
4442
8293
8266
3760
5208
9376
-2806
3884
185
-9785
-8272
-8091
-5997
-4744
-7733
4128
2591
2697
-7518
1684
462
-4628
-2171
6227
9729
-8879
-3088
9530
7755
-9570
7657
4054
9429
8195
2146
-1904
5598
-4275
-2101
-1427
2111
2281
-5484
-938
6973
8113
3676
653
-7437
7627
7374
-7662
-5491
6738
9170
-7351
2292
-8211
2100
-6924
2951
7009
-4866
209
4155
8842
-5180
-9166
-5253
-7764
8392
1295
273
-1544
-8961
-8982
1236
6692
6772
8837
5849
-416
4781
3695
3028
-611
279
9027
4476
-6781
592
-3583
-8933
-4791
-540
-8359
6792
-1589
-7896
7772
216
-3748
6771
-8190
2975
-6058
-1308
5144
2176
-114
1559
-1942
8991
3423
678
6832
1433
5168
-6814
6840
-8631
4246
-7168
1152
3754
5344
8102
6504
384
-1426
1230
7630
-231
-1507
1191
-6917
3878
4393
415
-7083
4438
-7139
-738
1016
4485
5293
5474
-724
5713
5707
-4505
295
-7278
-1212
8517
3314
9355
-3506
5848
-5810
4309
6921
8523
-2681
2412
9443
-3441
-5450
6058
4645
-7307
1900
-6178
-7278
856
6917
5005
-5063
-9770
5514
-2580
-6855
-5305
3949
-3925
1065
-2091
960
8126
6076
8154
-6480
-6818
-5800
-3273
-4827
6337
-4746
7497
6468
6597
4335
-8218
-2953
-8936
-916
2566
-2586
-6935
1701
-2984
-6734
3712
-5180
-6421
8208
-6133
-7018
-5373
-9046
-4564
3630
-1339
6088
6658
-599
8688
5424
-9412
2585
-2415
56
4465
1725
-9980
-7231
1578
874
-6910
8842
4307
-15
3353
9367
-100
-7816
-5154
-6378
-1274
-7122
-3096
8615
4243
5180
-1318
-1478
-3914
4254
-6900
7317
2161
-9812
-7894
4590
7967
402
301
-5835
-8411
-5522
-8754
4073
9225
-194
6675
-9371
-2278
-3520
-2059
-4646
-1424
-8422
-38
8011
-7687
-3371
-1104
3537
1667
7051
808
-9781
4087
-3635
-6283
5685
6343
-9812
8611
3103
6100
1957
8429
2222
5921
6796
3440
4368
9441
5282
5436
2227
-3725
3920
-1010
4382
5957
-2369
-8948
7987
9953
-755
-4090
8971
-9874
-9222
1263
-3233
-2468
-9223
-8816
-1121
1189
4065
-8006
6208
4387
-872
-3434
1209
9702
-5865
-9328
5814
-7671
-3323
-8787
2723
-3143
-3805
-5906
9122
2292
-4886
374
1335
-142
-4961
8816
-9309
8486
8833
1513
-4364
-9005
4556
9933
5664
-7007
9243
2099
-5731
-1594
5035
8319
-670
-4127
-5301
-9641
8072
2313
1005
5344
5329
-5802
2386
-5420
4670
-9790
4473
9778
2095
-5969
8141
7902
8867
9655
-1394
1935
-9759
1149
1274
3169
-5376
-9006
2654
3719
4258
4789
6239
7967
5127
5274
-2790
-1200
8336
-7033
3216
-2408
-3254
-619
-4717
-3560
1505
-3349
-2030
-2583
2383
-9436
-9608
970
-8307
-8600
1261
7922
-3621
-5440
-1821
-5492
6700
-9775
8969
-4908
-8960
7077
-2638
5117
3050
6497
-7172
5848
-4041
7021
3748
-8366
5434
-9797
-6599
7211
3938
9006
1374
-6269
2207
1914
8529
4955
-4103
1348
5928
8118
-6153
-143
-6914
-2660
-977
7937
755
3060
-2227
-5608
547
-2037
-2741
-2724
7463
-4883
-4022
4031
2998
5348
6166
830
1659
8467
-1896
-9011
6753
-133
7847
-5650
-5340
-7982
2584
-9402
-3083
-1703
-7276
-9360
8496
-4363
-983
-6145
-7009
2788
-1537
7456
9127
-4273
1858
9113
8402
6866
-9712
7968
-6055
3565
-7301
-951
244
3100
-1862
2188
9924
-3367
5750
-6531
5286
4195
-1761
-632
9347
-3556
1516
-2396
-4368
2485
3962
8337
-5848
-1280
-241
457
-5338
-6834
2976
-5758
-6095
4330
-4445
8487
6109
-1136
-9084
7756
-7705
8265
-810
9029
3035
-4520
-270
-7284
-1026
-8433
-8117
-1044
-4543
-9272
6207
2748
6965
5572
9824
5820
1090
-514
3692
5186
3561
7804
7678
-7128
-7946
8740
8587
9002
8588
-2153
-5165
-3611
8999
8979
-1001
9863
-9489
9108
6273
3624
-823
-2422
-7780
-5351
-6813
-4755
5403
1694
4419
-1057
2219
4172
-2585
6909
6701
5183
-8512
9834
-9831
7573
150
4702
-4717
364
8759
5902
-821
-9069
-6037
-4227
6489
6214
-5890
-2430
-7927
6011
4446
-6956
7259
-9700
-5731
-9504
9871
-9871
1592
2211
-9121
7962
2531
-7002
-3038
-402
9679
4307
-7634
8482
-7569
1346
7552
6775
-3567
9674
-5848
7527
9617
9746
-5661
-5302
-621
3768
-9578
6965
2666
5000
9831
3689
-7754
8169
-8377
-8600
6504
5321
-1562
6285
9943
-6553
2136
5244
4914
9579
4521
7139
373
-3797
2
-3241
342
210
9196
-1033
-8732
3096
-4355
-9986
807
6212
8337
-1205
-8647
-2679
-3016
-9395
2196
-7753
704
5428
5141
-1857
6021
8641
-3418
2362
-4750
7119
-5116
-406
-3454
3578
-3167
-8713
-858
862
-7428
3806
9569
-6725
-6894
5532
9577
-1700
-4576
4433
9024
8801
-7521
-6166
7471
6033
-1622
-4170
7655
-4191
2212
-9613
-1099
6089
-6484
-4394
-6155
-8701
-3848
627
-9847
-5780
5431
-922
-6716
7553
-6346
3657
6490
4949
-311
5625
-4414
3087
8881
5573
3434
3886
6760
2243
-9446
-9731
-6257
-7364
-9234
6120
-5919
-1591
-7994
5670
-6558
-7420
5145
648
-2135
-2163
-5481
-8660
7255
8768
7973
-7032
4101
-4796
5831
8824
-7717
4276
-4278
5005
2162
1449
3284
3391
-2896
-3157
-6076
475
1322
-4427
9109
-6674
-3086
-7239
6102
-125
-9087
6716
-9768
-5772
9346
6780
573
5719
2485
7099
1140
-1501
-7960
6136
-4134
-638
1420
4889
2152
-8256
5800
964
-2777
-303
-297
6374
-4547
-2844
-3367
-819
5640
7145
7003
-9306
-4203
-2036
6144
2073
-6853
4341
-404
4043
-2656
-8221
6205
7133
-7774
4375
935
-3408
2070
6349
-4611
7054
-79
384
7714
5890
4738
5244
6693
7756
-1920
-2215
-984
6269
2418
706
-543
2096
6705
-1018
-1592
-1567
2321
6630
-7351
6427
8460
-1999
-1816
8680
9901
7437
167
-7639
-4415
-5686
2960
-3865
-2664
-6573
-6369
4520
-7404
4573
-3773
7176
5313
8920
-7386
-2289
3901
9553
-751
-8043
-6375
5727
-5854
-5468
-7669
-8733
3825
-6069
-9076
9838
3393
-4250
-6299
8373
7734
-4928
-6994
2684
9120
6218
8665
1937
6863
-1288
4083
2995
-4887
-7166
-7348
9315
-8488
-1004
4894
1690
9722
-2435
-9439
4150
-5635
2772
98
-6884
656
-4285
2099
-6706
6026
-9960
1649
5885
3926
5756
-6272
-3030
3903
4495
6567
9274
4278
-3532
4151
-3587
489
-3195
-813
-9099
-8403
-2263
9962
2877
-2413
3963
-4113
-1157
-4617
2390
-8905
-5262
-1456
-9721
-4841
-6845
9908
-7763
-3567
-3310
-4315
-3633
7145
2240
5222
-3838
-8207
-7877
5806
1130
6686
6761
-2930
-9741
6927
5227
4616
-7681
-1215
-1013
3589
7022
-2273
9129
4897
4202
9916
9636
-8350
8879
3943
7538
8217
-9554
-8249
8287
8352
8672
8594
-7427
6725
-2965
2675
-8416
-3422
9990
-7018
-438
-1715
3574
9114
5387
-5913
-2214
-9490
3027
-7668
1661
2215
-7954
9065
-6442
7957
-6546
-8578
4857
-3811
5102
-2060
6243
-9275
4634
5456
-7744
-5315
1044
-9319
-8676
-5672
485
-51
4045
9329
5596
-4648
-1511
-3325
-1720
-457
6320
-7431
7277
4441
-4141
5745
9033
-9042
7512
931
2414
492
5117
2788
-2639
3723
-2440
-4028
6596
1280
6035
9141
-3376
-6798
2877
-273
-941
3305
-939
6919
-5378
8330
-9815
2878
-8636
2698
3038
-8217
-6743
8712
-6793
4271
2663
-7888
1404
4383
-7483
8295
-1507
-206
-6222
-450
-3901
-8255
-8614
-2172
-6139
4613
6679
-262
-6444
1890
-2423
4092
5512
-7448
1318
-2829
559
-3495
2109
-9776
9971
5401
4298
8799
-7003
-9341
4596
-642
554
-7203
5563
-2962
7282
6368
-7132
-2355
7113
-324
5835
9061
5316
-5566
-284
-2964
-2304
623
3624
869
-5645
7695
-1947
-9760
-9766
-9765
5851
806
4703
-2711
-94
-984
6160
-804
-1183
7643
4260
-1843
-3613
8262
-7469
6362
-1556
-4417
-7083
7078
-6449
-8622
-320
2761
418
-128
7627
8680
2592
-7693
-353
2558
-3547
6808
-2510
-1399
6831
44
-7193
-7239
-5666
1372
3942
-7135
-1757
-7157
2692
-4203
-1134
6179
6971
-3675
-1660
-8675
960
-5960
9580
-2763
-250
6421
-1418
9105
289
7908
-7384
-165
-7558
1515
-6870
-4011
7546
9381
5010
-7626
3355
8409
-9083
2375
-8412
6895
5610
1020
-2631
8566
7765
-8049
-5389
-5035
3580
7366
1860
-2635
8072
-5893
-7700
6212
4068
-9225
-9136
6831
7640
7704
1914
4972
-9693
-2395
1897
4137
147
-9093
439
9634
-720
7071
9309
-1357
7535
-7767
5516
9937
-4726
-6666
6657
699
-784
-9239
8563
-952
8945
385
758
4677
747
1423
2326
-1619
3457
7409
-8134
-7623
-19
7143
-8030
-5351
-6554
-6386
414
-4796
-2601
2406
7604
-7543
-48
6773
2608
1723
-9589
-1050
-5862
-7652
-9719
5427
6204
5725
-1451
4408
4542
5750
6625
5144
8229
-2047
-8371
2818
-8737
4062
-8443
7152
4204
9164
7153
4623
-485
9797
1395
1076
-887
1557
-7341
-171
6114
-6647
6999
5354
-2425
8402
-9841
-3627
-8521
-8391
8405
-1559
2585
4530
9288
-9131
-160
-4593
5937
-676
-7269
-8052
486
-7423
-9070
5675
8022
4422
4601
2326
7297
466
-8986
-3663
-5604
-4613
-8754
-1321
2933
-2477
5523
-9076
2149
-9069
-6509
2993
2507
6875
1667
-9599
7822
2068
-1254
6864
7434
-5914
-521
5764
6101
-6706
-7530
-7854
3871
1819
-2076
-666
-2053
-1500
1980
-5260
2480
4951
-5527
-2121
-6191
-8112
6281
1881
5748
1683
1091
3782
2026
8
-9682
708
-659
6378
-4356
-2391
-2690
-8261
1487
4979
7031
-7362
-4536
8439
-3544
-6853
-1407
-8004
5901
-5091
-778
1624
3796
-4858
-6729
6024
7729
6997
9011
-259
-5935
-5637
-3374
1299
3386
3266
9641
-7441
883
-4793
-4913
-533
7209
4749
3080
-2734
7393
-8680
4824
-4028
-4242
-9283
-9811
136
6272
-5498
-3965
-6110
9982
-8731
5047
1734
-491
-7019
7722
4328
507
-9185
4808
-1498
9886
-902
-8166
3211
-2266
-1583
-6568
-9651
9935
-5209
8880
-3095
-4558
-7178
-1415
-2541
-3154
-7402
-1143
-2968
-5286
-9342
-6481
4901
-8052
-6438
-5060
1601
-5577
1431
-2878
-4309
-5504
6207
-5187
-8304
-3858
9120
3583
9148
-928
-5555
-5349
590
-6549
-4670
8251
-2802
1835
8501
6534
5516
1551
3690
-5822
3955
6109
2660
6041
3812
4620
-2983
-8916
2680
5379
-64
803
1625
1612
-7986
4294
5035
-8339
-8386
-5818
1265
-660
-1214
-8564
-1374
1842
651
-6917
-8187
8215
-4910
-6940
1661
-505
-3949
-4450
4477
-8115
-365
-3857
3337
4299
-5599
-599
-5667
-2141
-9059
-5634
5469
1233
1027
-2714
7597
-1211
-4650
-3284
6919
-7078
-2078
-8967
-2868
-2287
-577
-3675
7678
5795
-7041
3639
-2567
3068
-9513
-5348
-3811
8767
9236
-7791
6257
-7355
8108
-580
-7437
-4399
1846
-8743
2311
-5769
-3928
5923
7871
-6071
-2253
1612
2630
4120
-2797
6253
9991
-7969
9403
-9660
6594
-9814
8834
-4734
6691
7097
-6854
8603
-4106
-1321
-8404
-572
1538
1133
-4304
5051
9465
-1524
-2089
-8781
8170
-1243
1198
2164
5944
9004
9007
3492
-6348
-1093
-9969
4740
-7415
2552
-9434
-3324
6188
6897
-9054
-380
4338
694
-2738
-4240
4382
9050
-6132
-3636
6355
-7402
-1085
-9961
-6179
4479
7478
-394
7553
-5240
-5337
8244
9662
-3322
-9097
9495
-7295
8462
5181
4796
8955
-9489
-2505
9420
-6640
-8280
-6871
6629
4478
-3371
-7988
-3968
1212
-8722
6731
6412
3259
-6163
5065
-8486
-3093
-8103
1653
5132
-6417
-9603
7868
-1901
-7289
6347
-2831
-7384
-2296
3492
-7311
-6131
-7711
-7339
-5255
8781
-8074
7351
4859
2526
-1887
-7255
-982
7876
9894
2764
320
7247
-352
-2084
-4877
-6748
6377
9692
9803
6190
3764
6841
-4079
-6524
9724
-1426
652
8068
-4175
-300
-8338
9825
-5983
9859
-9904
-5910
7377
-4164
5132
4201
7496
2272
-6082
6277
4646
5610
7618
-6202
476
-4888
6794
-2793
-7006
2970
-2779
-1655
3237
-2947
-7255
5495
5411
-224
2845
7290
7234
-6869
-8802
6720
-1069
-2862
618
-834
116
7871
8817
122
-3311
1864
889
-5951
-2868
-5513
-2775
683
7341
-5389
-8823
-4161
-8030
6186
6566
-7304
-7913
7791
9236
9054
-1950
-5601
-9680
-5924
6723
9674
1344
-4465
9525
5751
-5295
8917
3631
-404
4927
-2013
9122
2099
7418
5495
-6440
-3423
-4148
-9667
5765
2570
-66
-7192
-6175
2326
6089
-9243
7364
2951
6819
-7363
9061
9771
-4737
6378
-951
-5197
-2397
4440
9474
3485
6345
6558
1
4795
1408
-1586
-8303
-3968
3567
-9194
-850
-2400
-1276
-2154
-9114
4386
-6535
-8246
444
-273
2138
-7305
9710
9421
-5018
-6851
3811
-2168
2141
-2875
-3786
-9503
-916
-681
-188
-6798
-8341
-225
-1353
5819
-9635
1034
5843
207
3341
-4700
-8242
521
4713
6283
-7017
9969
-9763
9728
-4594
-8798
414
-8143
-1661
-7039
-6045
-8328
19
8683
-8519
-1083
4851
7339
4057
-7472
-2529
-1205
1812
7719
-1591
4794
-1679
4052
919
2784
-6225
3117
-2216
1308
3759
-2935
8290
9151
-1834
5506
-3903
-82
1689
-1237
7536
-5940
-1547
3859
7032
-2165
-3191
-1507
5812
-39
-6894
6750
9081
-9352
-4529
-7970
-7358
-1955
-2878
-8341
1119
7719
4512
2844
-4769
-2825
1267
2293
2897
3100
-3096
8732
5956
-3345
2261
-949
3992
6976
-5301
-3253
-2593
-8745
-4863
-9874
-4102
3484
774
1463
7231
4127
-2187
5680
-6027
-3197
9225
2
-5397
7247
-7749
909
5518
357
3211
393
2951
6191
-9870
444
7475
-9771
4911
6371
-9352
7864
1205
7876
-6491
-1856
-4684
2786
-6847
-5394
-5889
-8069
8531
9977
-4565
6555
6054
4518
2409
4295
9041
-5511
946
-3794
-9734
4831
8234
2636
7035
6077
2543
-8297
9399
-8667
-3610
1873
-7152
1348
5597
2452
-5657
8404
5511
-2898
2417
3330
-8995
-7742
9008
8957
-7700
9291
3789
8611
8721
-6486
1950
4457
-3236
-8880
-7921
-8433
9426
85
-279
-9836
2220
4145
3671
5833
2971
5526
-1315
-5195
1828
-4303
205
8401
-3167
-8144
7043
4932
-2878
9154
-6698
6139
-4012
1857
-2434
-8185
-2138
-8877
-5400
-6058
6275
-3982
8976
8761
-9593
4366
-2453
-2700
1834
9169
-4980
7115
-1854
-6027
8783
5682
6004
-4568
-9826
930
3788
-4164
9618
-5616
683
1929
-8767
-4188
3741
-1558
-3040
-2079
-2887
2477
1815
-4523
113
6745
3348
-3771
-4786
1463
5546
435
6796
-5680
-527
5160
-5588
9046
-5281
3750
3715
7002
6621
-5275
1163
-6326
9465
-1782
-581
-3757
-1538
-1534
-7936
1641
6606
-4772
-9965
5173
-6919
3562
2996
2820
3207
-9342
-5094
9716
3084
-8665
9423
-6875
-282
-4246
-7413
6649
-5657
-5329
-5889
-5049
835
3597
-3132
4208
1083
3286
2909
-4460
5112
2003
9818
7920
7648
-7648
-6009
-3614
-5277
-7953
5445
7303
-9910
5903
6307
402
4980
8013
6481
5203
-9904
-2822
9014
6817
-7555
3198
-7901
3095
-8640
8438
-9408
5767
-9453
8025
-5944
-6169
-3795
5627
5245
-2462
4966
-3199
-8086
-9229
-9758
7102
-9711
4203
-6998
1879
861
5735
-5617
-9111
-9904
4501
4203
6770
2486
-7680
4339
2164
-6067
837
860
7558
1279
880
-588
-8716
8346
5492
-9636
-8332
-719
-2149
600
4005
8561
5411
6743
9219
7179
2582
1264
8630
-675
-803
-9484
5549
3853
5991
6656
-3738
9770
6482
-7093
3000
4017
-3056
5885
-6071
-9544
9471
-3041
7295
452
-2841
9524
-8223
4843
6644
-967
4737
3809
-4782
2463
-9550
-8259
6164
1827
-858
-2068
9269
-9681
-7540
-8477
-4548
-8210
-3972
2155
-9711
1872
1702
2519
3276
7265
-9862
-8224
3095
1667
7358
-3692
-2797
4259
-4991
5481
7100
4688
2291
-8745
-9821
3221
663
2548
8942
-3664
-5485
-8346
4318
2932
4403
6093
-6689
-9824
8385
9439
1940
6204
-6064
7139
-2902
-5760
-8964
8274
7109
-2192
8776
7426
2655
1630
-7508
6029
-4897
-5964
-4825
-3789
-7657
605
615
-9090
-3185
470
-4417
7960
-4659
-4311
-3988
-9007
1550
-1844
9138
-7956
-2077
-7919
6671
-4346
-3066
-2317
2668
-1133
-6838
4698
4899
-4601
-694
9044
-938
-6152
-9693
-8885
-4080
-4370
2134
-8157
5012
7387
8241
9868
4119
4619
-5762
-5749
-5527
-1914
9600
-4617
4575
-4444
4334
-4867
-5005
9302
5504
-8762
8952
1574
-1608
4773
-7208
-8206
4140
9893
7367
3650
6824
663
-727
-1295
-2822
4987
-9477
-7431
-3279
8539
2491
-8379
5975
7932
-518
6506
486
-3875
-7788
2649
-4759
-9965
-952
-828
-3407
1847
-8135
7975
-2456
-5252
-5487
-7070
273
-9766
609
-3362
-7334
5622
-6974
2016
1360
-6283
1300
4605
-6039
4074
5460
2242
-6108
6336
6445
-3037
-3302
-4981
2539
-8816
1570
-7543
1679
2887
-4517
-1539
-5423
1770
8049
5736
1085
3561
4968
6545
-8146
-3854
-8885
-7100
3284
9742
-2739
6044
-6626
-4962
-4194
-9299
-1424
6133
6116
7875
2602
6602
-3115
7834
-7972
-5825
-3354
-2576
2282
5239
9059
-4163
-4794
-1624
-6085
5139
8487
-9059
4704
-4185
5030
-3919
-1414
-495
4606
6924
-3516
-9143
251
604
-9656
-4737
-9258
-5175
6531
4470
-845
6370
9876
-2370
8434
2735
3398
-5525
654
9636
3308
2691
-3204
-7537
4890
-7170
-6078
-9480
-2791
1707
-1244
-4381
-5040
2627
3712
-3515
6109
-5670
3140
-5154
-4202
6170
-9484
-2180
-9923
5400
-6026
6689
4675
-9448
-9987
-9630
4384
-4841
-7755
418
-7683
-5238
1356
7888
-5289
7669
4079
-1729
2736
-4681
4657
44
-1815
1169
3854
6229
-661
-3015
6877
9088
-3175
8601
-2528
-214
9352
-4233
-8231
2292
1134
-7249
-6534
4531
3130
-5533
5864
-2649
4429
-6608
-8415
-669
1711
6676
1547
5000
7391
-1045
7451
6195
-358
4504
-395
3504
4824
-5123
8627
1967
9389
4924
4319
-6842
-5695
2031
-4177
1711
2383
217
4328
-6213
-4499
5382
1881
6871
8659
26
3204
-5916
8706
8462
-328
312
-3301
-1349
8635
-6215
-7207
5309
2265
2516
5996
4280
6140
7627
-5832
3315
8530
8145
840
-9936
-6856
-4629
-8171
100
3353
9891
1437
9595
245
5945
6015
-1572
-8780
-9265
8615
7475
6436
-9343
596
2779
6384
-9055
-6832
-9067
1241
-2164
443
685
632
-9690
-9252
4129
7841
6044
6901
5490
8973
6527
-2432
-3315
3032
-8607
-9284
4787
-7420
-9845
8815
-8500
-2873
8964
-1219
8943
9312
-5737
6313
-2577
2448
-2410
-6132
-9225
-9234
-8150
8957
-606
-5190
-4325
-3764
1698
-1764
-8612
6684
-2721
-6593
5812
7215
3607
8007
-2192
-4531
-1460
5265
4223
8555
3698
7301
-6864
-415
-2413
8348
-6040
176
7171
-333
1890
4715
-9029
-9262
-6885
-6129
5508
2275
7811
-441
-7735
2194
7032
-7227
9504
-2980
-1286
-3819
2857
-3442
-3447
-9689
9093
-2752
3173
-8023
-9667
6079
3744
-6671
9754
-3740
4689
-2596
211
-4370
7920
6488
5445
5627
8195
-6382
9971
3367
-37
-5061
-7384
9009
-8666
1314
2482
-3624
-1977
-3417
-4711
-7277
8051
-9543
-2285
2730
-7904
9240
2609
8473
1099
597
8548
3040
-1673
-7830
7205
-3177
-5990
6019
-6463
564
-5838
-7754
8351
3762
-4447
-4278
6707
-9284
7504
9406
-5527
9922
163
-2506
-9876
3415
5527
8153
-647
2532
1416
5611
-509
6584
828
-4820
-8551
-5330
449
-3249
-1850
-3444
-9221
1094
7326
-7469
-4766
8818
1495
-7874
1176
630
-6835
-6635
-1907
2264
-6669
-8678
-3325
-9299
-3154
196
9345
-5511
606
9412
-7363
3173
1109
-2900
3939
8313
-8239
8738
-8110
-1196
4945
-5570
-7935
-9263
2554
3860
3819
-528
-1042
-5935
-6965
-919
-4895
1189
-2217
3743
3481
-191
8700
2987
-3341
-4246
8819
4420
-8581
2966
-1584
-6953
8410
-9507
1377
-1676
-9092
-620
9944
-6352
9345
3053
3472
4006
-8902
6482
2734
3226
9024
1905
-1248
6087
5490
3196
-1056
-262
2706
7555
5495
-9280
7208
-332
-6839
7766
579
-7219
4758
-6856
1384
1695
-9830
4098
-8001
8413
-5519
-9458
2588
-1523
9076
-8489
2284
-8832
2575
-9603
719
-8142
1057
1046
-5836
6639
1053
9655
6464
7535
-7690
2101
9531
7360
-2477
-9224
-5553
4124
7781
-867
-5860
-2706
9068
2088
-3513
1687
-1040
-9213
-449
3122
576
-7848
-3702
-8873
3568
-944
-4599
-8499
-1627
8053
-5291
6666
-8206
9634
-2245
9146
-5949
-8581
-5879
9310
2190
-2405
-2530
-6050
-5147
-317
-8567
-1060
-3420
1525
-1352
6032
3695
3982
2097
8989
-8709
-4782
-8452
-6155
2456
3959
-1701
-1203
-436
-784
8606
1267
8558
-6128
-5065
927
7860
2224
-8369
-1783
376
9398
4116
-8015
8415
6664
-827
-6045
2697
-3544
-5235
1060
-9556
7374
5625
-1065
3978
-9022
1979
6754
2828
-1525
4560
7421
-4881
-1951
-4561
9351
1297
6687
-4403
-9313
-6607
4788
9533
3914
3083
8917
8979
-5479
4845
6224
-6180
3465
4255
1778
2661
-1523
-6764
4716
-1990
3652
-2133
-7565
8760
-3810
7519
-1755
6009
-4823
4132
-345
-4342
-1028
-5202
2884
9722
-5697
-436
-5289
6259
-7318
8685
-1211
-4818
-8785
-139
-7509
6970
4533
-3006
2010
8690
7640
9081
-1536
1016
1379
550
-8256
4368
5856
-4124
-2129
-9585
-108
-5263
4392
2084
-156
7898
661
-4790
3889
-6144
-3946
4481
-7498
1045
-1372
7825
9362
-6629
6104
9065
-759
-4364
-111
895
-4380
609
-2470
6354
-4399
-8053
4971
-7431
-6565
-3200
-7354
-1596
-5585
4489
4741
-5788
3353
-8976
-2531
9009
2968
-7807
-7277
7147
-6867
-2067
5562
-3241
-6596
-9661
-1150
8829
-793
509
2740
-3835
9909
3386
-8495
-8534
2250
230
-6007
-3867
-495
-5157
188
-189
6413
7097
8208
-4096
-2649
4922
8896
8006
1162
-2819
53
-9098
-8129
-1684
5650
3760
9127
-4570
-6881
-391
4999
904
-8309
2423
8814
1747
-8849
-8365
-2588
7640
-3641
-5024
601
6986
1717
-21
-2247
9779
-4744
1220
-7367
-3479
3
723
-7093
2923
-6800
-9475
6639
4831
3519
-6926
3195
-2737
-2582
-9732
5528
-3687
452
4339
-8372
4081
9775
8948
5199
4456
5993
-4111
-4627
4049
-8550
2016
6688
7467
-9558
-1538
-6723
2482
-4583
-9365
-3167
-4998
-7119
7424
-1859
-2005
-7420
2119
9261
-3365
-5665
7894
-6142
1917
-5583
-7583
-8960
3021
-5279
4284
6501
330
8893
-1930
-8132
7775
-1871
-6507
7818
-5311
-3155
6199
-9175
-4014
-3643
-2722
202
6889
-7433
-9997
5804
-3407
-6088
1458
7993
-1200
-3490
-3801
-8009
4611
-555
-9746
-8190
5064
-9610
6297
-404
-6991
4594
-6833
9956
-815
4694
-7736
-3258
330
-9862
-5536
503
292
767
7585
8547
-2818
6518
4718
-4431
-6514
-2606
-8895
-4743
8407
-1550
-9820
2456
4005
-7890
-261
-4079
-6584
-5405
-633
824
7692
-5976
256
7722
-9763
-3526
-8124
1241
3509
-7447
1668
-2889
-5357
1397
-6767
5556
1047
-4667
-9927
4816
-8426
260
8453
-5273
-9946
-1807
6408
8450
7007
6484
8501
-6763
5217
-8826
-6616
-8490
5635
1196
6148
7650
-3275
-8727
1810
-8349
-7511
-1502
9358
4716
-7403
7945
-7460
-2729
2179
1097
6082
7156
-1923
-7426
-8798
3952
-6211
-6650
9018
4635
-6444
4824
-6909
-6419
-7326
7766
3351
8635
4453
449
-7932
-9975
-8815
-667
3319
1540
4231
-2616
3889
5973
203
-2144
-954
1913
-4708
-8971
-1619
-9149
4170
5409
8498
4770
-9308
-7047
7824
2194
3305
4998
-896
423
4909
8990
-1450
6059
2336
5085
92
-3153
-3392
3355
-213
-2149
-2814
5931
-7332
7944
3156
-9375
-9653
3166
9044
180
8879
-4694
6710
-3200
-6284
9280
6805
419
6035
-2636
7358
5164
1739
-8838
3946
-8282
-4216
161
2766
7344
37
6421
4700
-1029
299
5316
1629
3275
-3435
-5751
-7850
-3471
5700
-5791
-7992
-2214
5254
-1199
7644
2256
-4688
-1716
-3053
8337
-6820
4446
-4752
-996
8312
-3713
-5930
-5905
1586
-4557
-9941
9803
-158
-2525
-8464
8023
-5741
-2668
2908
2190
-6110
6502
2380
2149
-4930
3568
302
-7717
6682
4842
-2456
-5691
-1222
1515
4734
-1581
4373
9840
-2483
-4919
-2432
2319
-4633
-1605
6061
-7466
-6494
5451
-885
-6364
-4819
-5378
-8190
9588
6261
6869
-1367
-2105
-5310
359
2822
3975
-5621
-5030
8311
9914
-6880
1531
-1834
-6924
1847
-8389
4643
8157
9570
8701
1098
2759
-7369
-8780
7431
6670
6290
-4121
-8148
-8091
-1309
8461
-3908
9524
31
841
-1573
9383
8687
838
-3166
3177
-7213
3371
-6547
-848
-8990
478
1386
4532
6346
-5193
-8287
-7416
-4899
3921
9133
8651
4740
-777
-6933
3828
-9251
-258
-8552
1873
4165
-8210
-8162
-174
-9453
-7402
2730
5631
9491
-446
-4276
-84
6861
-8811
-4682
8944
7667
-4934
-1760
-6347
2237
9112
4512
-2018
1346
-8366
-9369
7393
-5615
-1216
8355
-4751
2452
7586
2932
-815
-130
7990
-9506
714
7982
6415
3983
3973
-6570
-8046
2285
2493
-9547
-8996
-3061
46
904
7298
-3573
-245
9062
-9337
7164
8240
-1000
-8045
1845
-6188
9492
-58
-7303
1257
-8000
2834
9232
-3021
3269
5105
-3779
-7540
-9054
6409
5080
-6215
-3340
4096
8405
4148
-945
2201
6373
1217
845
-9954
5066
-7656
6760
-7043
-1050
9013
1189
-1788
5001
8894
-8586
1052
3410
-7658
1313
-1332
530
-5516
-1036
-1960
224
-1404
-6436
4723
-9220
-8061
1896
3649
-8420
-7618
6478
2661
1969
1306
644
-43
7161
5576
5876
2436
2562
-6009
1548
8072
-1297
3560
1291
-8720
-6587
-7109
6154
8798
-8520
827
4947
5570
4195
7020
6785
9616
2095
7252
9810
-5650
-8649
2152
5949
7931
5400
-2257
4649
-5354
8955
-2772
8998
-115
-9907
-3285
9495
-8868
-1483
6889
-5202
-2030
3023
517
-9054
4843
5582
-3098
-1925
8396
-386
7292
-1740
-6627
8450
-1390
4360
2252
6766
3633
6791
-1147
-6423
-5027
2719
-7812
-1069
2144
-9262
9540
-4305
5209
-4705
4257
9269
8346
2487
-155
-2347
-4968
5401
3401
-2290
9611
9788
-730
1825
8226
5826
-3308
-3840
8356
-1032
-1258
-6255
-9510
9321
3926
9350
379
-1904
6245
-9840
9549
-2188
-9186
-2770
-3819
-3142
5132
4707
8330
2154
-5223
-2480
-8849
713
-3632
-8604
5358
9301
5834
385
-2538
5593
6899
-301
-7814
4045
-4954
-2329
-935
-6761
-197
2396
5425
9267
9181
-2604
2545
492
-4979
5712
-1109
1348
4869
-3790
4098
-6782
8095
-1521
8652
-8461
-4242
889
4491
-7838
-9479
5272
-4811
-1029
9491
2107
-6869
-9347
1420
-8007
-9556
-9537
-455
-11
-1943
1914
-2260
7977
-7531
4921
2950
-6661
3955
-585
3029
4000
-5402
-4419
-6299
9263
7613
4017
8986
-657
-5661
-8716
-9223
9101
-3098
6932
-5409
3805
-3296
5735
-9554
-8980
-7911
4101
-7796
9393
5471
-5139
-7914
-3837
2432
-7759
-3213
3534
-7954
5320
23
-7281
5493
-7783
2609
2425
9732
-9842
-9728
-1953
-5162
-3030
-7093
-9302
1903
5451
3402
5466
-1843
-5544
-1908
876
-4465
-1187
-8171
-3939
-3970
-6303
2364
9944
882
-5106
-9666
-4924
-62
-7121
-81
8961
-1726
4447
4534
-6346
-5250
-8609
-1907
-1156
-8280
8929
-2841
3426
2593
6867
4884
-393
-5404
9107
-109
8760
-3011
4479
1604
7954
-5244
4376
7752
-2085
-9373
184
8986
8630
-6983
-7367
-3358
6391
1682
735
1737
-6963
3393
5538
-4402
5819
-8536
-2683
-4136
4538
7608
-1880
3697
6855
5867
-2220
3468
-7440
5353
3961
-8163
3799
-8520
-6522
-3638
3781
8631
-2414
7314
-7065
3994
7835
1837
2181
1766
-6238
3135
-2789
8220
-6336
-515
1691
-7073
4639
512
-5098
-7593
9593
1849
-8274
6580
6273
5603
4843
8056
-4621
2072
-3617
-7465
-192
-91
502
-7697
-4563
7553
3956
1507
2896
1332
-4970
-7624
5113
-9232
-3349
1748
8596
-3654
4669
3801
-1122
-2412
-8605
7060
-7721
8658
-2446
-474
8028
8381
-2420
6321
-7220
-1726
-923
1147
1827
-87
3437
6123
4222
-6908
-8975
-3032
-7777
3647
-3146
3082
-3157
4511
7601
8569
5432
6513
-5919
3975
-8218
6271
3503
1837
-7337
841
-3433
-7036
5179
7128
804
6202
-7600
-7791
-4022
-9918
-1148
7751
-1703
8467
-1990
-8450
-965
8885
-5211
-7004
713
4064
-7688
4613
-2961
-9447
-5504
8954
4627
8863
7685
2311
-4844
-508
8474
-6528
9570
9554
-88
-6991
5991
-1131
5154
-8684
-1518
3698
4691
-3052
-6473
-4915
-4695
2993
3823
9328
-9710
-2795
-6295
-3561
-348
-1480
6206
-1591
5018
-1261
-4349
5856
627
7445
-1210
-6176
-4725
-8654
9976
4696
-6448
563
7501
-96
9825
4009
3548
5597
4796
4020
-1949
-6726
-3150
9184
-3908
-6557
7967
-6913
9143
6773
2863
-7835
-5395
-7964
-7219
3734
-8958
5967
210
-6610
-161
2345
2780
-3263
-7004
1794
4478
4795
-7032
9885
-8077
2660
-2686
-733
-824
1690
1494
-1821
-5095
-5681
4022
4210
-8457
9294
-1572
6044
2224
9814
9672
-1492
6058
-2463
-1982
-1572
1977
6477
-28
1685
324
-9297
-2154
-770
-3785
-949
-5889
-7270
-703
8505
9940
3493
-5940
-5285
6127
2875
-3874
-485
9926
-9344
-3948
-9078
1300
7525
7059
8157
-2418
-520
-8402
9967
-2568
-4790
-685
-8637
-4265
-1668
1799
8328
5472
-3266
-7454
9497
-1405
-803
6284
-6622
4236
1952
7118
7401
-867
8928
5781
8119
5273
-2435
-16
-104
3347
-7013
-1844
-8757
3425
-2886
7823
2195
4671
8413
2379
-5808
6567
4210
5851
1290
-8818
6307
5815
1460
4506
-9867
3338
-173
-8796
-1028
8426
3359
-6606
4848
-4957
-7279
3266
550
-6623
-9148
-731
-7249
-9556
6240
-3583
-499
5195
-7508
1982
-4037
2129
7411
-1970
-5260
3636
1333
-8089
9465
-5294
-9067
1160
8409
7174
6311
1254
7087
-5701
2008
-5646
8347
2170
7194
1437
-9759
-4973
-2836
2545
-2866
1968
8262
5343
-8276
4670
8035
9912
-1789
3823
9570
-6114
5063
-749
-3622
-1496
-5196
4439
-2245
1911
-586
-3101
1379
-8995
622
-1092
1750
-1653
4888
9623
-502
4883
-1630
-6052
-4635
8704
-3974
-5841
-5387
-2146
-1144
-8703
36
4659
2069
-1066
1450
8244
-6777
-654
-7019
-3210
5378
513
-4789
-5882
-9106
-1731
4116
8505
9075
-8212
-2555
8601
2766
5364
-877
-8655
-8206
-9537
-5179
5837
-2845
-4668
2744
-8749
-8252
-5471
9969
-5973
-4234
583
4142
-2433
8059
3020
-3731
7414
9171
2971
-9070
7677
3958
9378
6989
1148
-1983
-4675
-7285
4603
2260
7110
-1813
645
2334
3236
-738
7179
-157
-126
991
-3439
-549
1091
9927
-2915
5258
5840
1948
-9206
8973
989
-2670
-8769
-9744
-3541
607
-6311
1028
6335
-6521
-9427
7088
2485
1235
-7871
-8067
-1619
3874
8904
-2313
-780
2009
3714
4901
-4564
6120
-2558
7061
9628
-2932
-9034
6527
-2794
-1082
-9266
4736
5423
4087
1719
8763
185
5145
8474
-4341
2423
-3194
3708
-8822
6504
1220
-6706
-2332
-6067
1093
-9728
4296
-9097
7915
4369
7086
8492
-4754
9833
-3804
4657
-9480
-1239
1916
-5731
-2789
-2072
-2972
9439
-2524
-7318
1021
-7667
-5219
58
-9624
-7589
1946
-1699
-7302
9601
79
-9303
-5758
9416
-8753
1046
-1069
-6057
8353
4393
2030
5989
6337
-3765
5403
-9319
-8858
-1645
5140
8706
-3033
5318
8228
-6888
-9173
-6234
-630
8822
-5767
5988
-8756
4148
3518
2913
4519
-2057
4263
-9963
-5054
-7710
-5866
-1229
9328
8038
-8115
726
-458
-7878
-60
666
-6630
-4894
4960
4171
-7381
9701
-5886
-9537
-8961
5381
-7228
9442
1350
-8648
-2983
-5306
-9833
-9921
-6769
-8660
-6487
-8614
-6597
5565
1235
4257
81
-1079
-2838
5363
6781
5055
-1973
-5381
4283
2152
1593
2367
7946
-1801
-2531
-8894
5903
-1501
5855
-9621
1814
253
5814
1352
5639
-2232
-7768
-2536
-2413
-5619
-5444
-9017
-4441
-2135
-6390
7432
1036
-3609
-7154
1136
-448
619
1074
-2653
-8460
5297
-7166
-2728
-7822
-3443
7253
-6943
210
-2766
338
2316
-7997
-7430
-3845
1776
-9291
-2949
6419
6914
-719
5760
6845
-7856
-1714
8092
4266
16
9411
-702
7059
2696
5453
-2238
9840
7821
9812
-8419
3972
-7612
-3346
5795
4472
-9756
-3088
3761
-2815
9579
1270
-3525
8296
1346
-25
7399
-3307
1866
-3271
-1669
-9700
-5265
6677
-6545
-2356
9611
7773
6854
-5234
4434
-5370
-4180
-6101
-4303
2036
6739
8715
1364
-7030
-1888
2117
4467
-573
-4193
5791
1409
-4221
-4303
7093
-5863
-6605
-2206
2823
-8488
3023
2961
-9327
9702
6803
5098
-750
-8701
349
-5976
7574
6328
-2321
-9852
-6399
6345
2076
7443
-4070
7948
-3936
-8579
6920
-3468
5523
4023
-4326
3482
-9417
2710
-7516
6947
3704
-6954
5320
-3473
1148
7846
6402
-836
-697
-7936
4342
-3815
-4375
7204
-7492
-7071
5527
-9644
-3345
1564
-4180
4046
4828
8426
1154
9242
-93
-8726
5781
4060
-5938
1109
8371
1118
358
472
-8805
9226
-2411
-8192
-9492
8289
6957
885
5831
-7805
-9657
4191
692
5984
-5802
-65
-8072
8944
-8481
-6989
-8695
2517
-9898
-1617
5678
97
-5309
4863
-9727
3280
-321
3059
-9984
-6037
-5858
9834
8524
-6983
2226
4875
7141
-7069
-2577
808
-9455
463
-9568
1471
-5023
-9710
-5638
1950
-5682
1184
-3614
7091
8848
7376
-5503
-4607
-9137
-9535
-9075
-3019
-7499
-7215
7240
-2108
9044
-8058
3656
3165
-9839
4884
-1411
7938
555
-9297
7588
5810
7915
8518
-5692
-5905
9995
-8045
660
4671
-2701
7902
1533
7322
5725
-2371
-8692
-3741
-1731
-1164
9012
4294
9867
869
8557
-4931
-8384
-1060
9339
9699
-756
-519
-742
-1182
7920
-5111
-6690
-1864
8625
2890
2361
-4526
9858
6944
7118
-623
-3176
-2081
-101
7084
9355
4155
-5544
-151
7140
4027
-7339
5395
481
-4120
-5785
-9989
-2135
-9907
9248
-6640
7828
8965
-5401
1782
4276
6212
-7661
-5608
9949
-1437
-895
-1495
-1590
-3857
2733
-6228
6399
-1481
5185
-1330
-4795
-4407
-4117
1246
3856
4708
-8345
-2226
29
-8745
5782
7906
7677
9925
1517
-9781
-4170
4617
7132
9097
9137
7457
-3529
-2830
1896
-2071
4301
-4561
8013
-3755
-5031
-3652
-7574
2440
-2012
-3323
937
-738
-4469
-7900
-4288
-2493
9203
6891
9310
-4929
-5548
9231
3200
-9973
-9006
-2428
-7389
-4300
4382
-6609
-3673
2261
7992
2506
4384
-5894
-7570
-8425
-9965
-3173
-1131
1172
8140
-5000
-4409
2732
-7228
4560
3701
-9867
-7063
-7140
8305
-5583
9532
-5106
-9954
-6141
-8474
-3876
6859
-544
9814
6641
-9220
3957
-485
-7205
1269
-2447
1127
-3970
8587
829
-4272
6092
-8462
-6190
-964
-4429
2063
-3556
6618
-7502
3605
9900
91
-3420
7172
-618
-6192
2584
4330
-3176
6911
-7457
-1131
-1390
-2210
9314
5108
7377
8062
2112
-4510
8804
6434
2257
-2676
8561
7550
604
4096
-5175
9757
-4447
4403
6829
9029
-35
427
-2648
9939
6010
1480
-9540
3306
-1407
7853
9510
-7719
-8708
8022
-4297
9689
-5833
4577
2111
1143
699
-8047
2934
-8005
5560
2328
1286
-8184
9311
-4530
6510
-6311
4902
9419
-3785
4779
-4305
-9373
9874
4925
-2699
3607
6715
327
-5619
5359
-8263
-1932
134
-1392
-2274
-7677
-9307
-3217
-4354
-9939
2109
5246
7235
-8600
-7555
3881
7420
1439
4361
-6703
1125
2318
6030
9903
-2985
-1495
-8464
507
-372
2243
6322
7586
-2608
-8408
-6350
-8547
-1705
-6872
-5363
-9804
9553
-2040
-22
8686
-7947
2723
8601
7036
4372
216
300
5304
-2745
-693
-7809
-1594
1156
-9336
7188
7605
6017
-9745
-3660
1989
3449
-239
3219
3489
-653
-8650
7097
-5761
9645
-8076
6347
-7664
-839
-3926
-9513
-5487
458
331
2043
2903
-8100
4548
-6954
-4849
-2842
3440
3522
7635
-257
-644
6969
-7564
4781
4482
-900
-2603
5684
-7496
-1857
2140
-416
-3939
-5531
3470
-9010
-5097
6463
7480
5681
-4928
-3932
259
5195
8770
8057
500
-3460
-1476
6770
-4323
-4045
7149
-5347
7084
-4373
7017
3890
-1430
-7243
4826
748
4829
-2304
6455
4641
4672
6110
-6579
-8553
-6220
-9767
-169
-8153
1327
-9327
1032
5656
-595
-6727
-2734
8103
8003
-573
9568
8291
2591
8014
7431
7112
2519
-2991
6283
-376
-8215
245
8683
-4847
-7247
8221
-8356
4636
7290
733
-3567
8481
9208
-9910
3981
7402
-4666
-9445
-6799
6916
8982
2480
6948
-57
5751
-5399
8161
8094
-3281
2563
-3263
5195
9842
8219
4188
4858
9919
7978
-3061
-6048
-1149
8672
3705
7656
-362
-8397
-1360
3212
-398
8411
6027
-8492
6088
-4887
3659
-5852
4477
-3337
-4922
-9590
-5995
7056
-1349
8349
-3192
5222
4608
7449
-2555
8160
-1110
9706
-2876
-401
-6347
7014
-8777
5928
2527
-6145
1891
-7919
-7217
-5937
-3393
-7597
-6548
3411
-744
8877
-3742
395
-5213
-2592
-2215
4248
-9183
-9067
9282
2404
9707
-3350
9217
-3798
-4957
-380
-872
-7352
-860
-4046
5945
-7358
2888
-246
9970
-297
-3800
6694
7083
-9713
1485
2116
8983
-2130
957
-9131
6422
373
-340
5856
-5855
2435
-9277
1430
4615
-597
2619
2277
9357
-7748
-9515
8483
5588
3847
-5135
-2213
-2033
-4113
4512
-6307
5584
-263
1989
-2448
-5079
-4291
852
-8322
-2139
-4341
8716
-7325
4332
3497
-9912
1509
9522
3997
-6332
5677
-5780
-7895
4812
1752
4840
5
-1267
-97
8747
6059
-2993
8031
4922
8701
-9481
9661
-6907
-4112
-59
2606
-1703
7174
709
4313
1522
-6493
-9836
8169
8658
2358
48
3572
2626
7070
7162
-7126
-4563
-4352
9409
7305
-4290
1839
1932
-6310
-2607
4699
3849
-2782
4187
3559
4390
8955
3922
3263
-2832
-8082
-4127
-3080
3366
-4636
6878
8800
328
4824
5998
7350
1250
-7426
7793
1870
-4144
4294
3891
5801
-2473
-8661
-2762
-5395
-6640
4828
-8298
-3203
3536
-3104
3032
-1819
-345
6634
8267
-9238
4278
8092
-4554
9310
7685
5271
-7652
8385
5543
-9769
-162
8383
3661
-6040
-6029
2431
5224
3295
1981
-3612
-2565
-1832
5251
-585
-4189
-6893
37
-510
-4545
-4184
4666
-348
-7937
8393
5065
5671
7284
-6502
2638
-2771
-4165
3296
8001
3264
-3553
8899
-2703
-9668
4653
8554
-3086
-6238
1409
-849
428
-2007
1309
-7910
3664
-9520
4141
-7508
-7466
3515
-2761
5805
7667
-7755
9846
9933
4398
-8476
-2446
4492
9836
6737
5142
7875
-3463
-5346
-4249
-8901
-1308
-7273
5148
-6752
-2267
-9422
1157
-6219
-4729
-2212
-6637
7593
-3716
-3997
-35
-4971
6477
-5663
277
3520
-4245
1881
-3363
2611
7115
-797
-2825
8581
-5976
-9095
-4404
-4182
-7031
-7331
7251
6506
-7214
-9392
6468
4978
3921
-8208
-4251
6267
-6094
3598
4450
1090
-3836
-6574
-5692
4050
-8468
-8352
1670
5989
-3032
6198
2667
-5778
9544
-2490
-2451
-6802
-5461
-3743
8788
-2412
491
5708
-4711
-7687
1852
3258
-3746
-1532
2049
-7553
-6486
9529
4693
-1393
-2348
-2488
-2871
-9860
5432
9516
8530
-1060
-1460
2942
-8488
205
-9594
1618
-9198
-4250
7334
2845
9186
-1736
2205
-5819
-6573
5551
7553
4420
7913
-7170
8843
-5228
8712
-3736
9431
-4000
-4444
322
6460
7225
3888
-9041
-1040
1877
2341
-7068
-9226
5844
4041
2522
-3208
-8825
-7728
344
387
-6384
3539
-70
1436
-6615
9060
-8025
-2086
5643
5184
-4187
-5562
8942
8232
-4329
-1591
1781
-1771
-6892
-6679
-1024
-5840
4714
9778
-4812
-8106
4013
1460
-2734
5596
6684
9172
-5204
4940
-5226
650
-5225
-7606
7983
-829
7386
417
-4222
6139
-9806
-2298
148
-8845
3195
-3947
4822
8510
-874
-2784
7273
5525
-3762
-8093
8424
-589
6541
-2275
-8543
-3730
7932
-3402
8695
-311
4407
2745
-5355
-6242
-1744
6660
3632
9884
-6522
9347
6504
4317
-5473
4608
5757
5583
-2443
-1495
1584
-7348
-9591
3689
2571
7855
8225
-2433
-8227
-7362
-7770
-9816
-6826
-8807
4416
5535
-9827
3061
3441
5198
-4689
-1858
-9759
6181
241
8835
-4562
3032
-5125
-9845
440
-6446
673
-7859
2568
-5701
8589
4179
-4007
-9796
-5715
4453
9119
2486
5142
4271
6792
3745
-2099
-1133
-506
2322
-512
-5843
2771
-6017
1840
2493
-1222
-5255
2578
-1180
9282
-9014
6743
-6646
5170
5213
-7356
-5395
6975
-9118
-9606
-154
-8346
2593
5238
4511
-8847
-7438
-9719
-5250
6556
-1508
7693
6357
-362
-5306
4427
6352
-7422
-4509
1280
-2042
-9168
4634
4084
-659
1495
-6121
8367
-956
-5030
3956
8688
-879
1439
-6393
-7044
9566
2285
6598
541
-1688
7393
9412
2668
-2220
5046
-5144
-3499
-8176
-8464
-6415
9180
-6407
7042
2024
-9163
-6007
-1112
1010
3094
-1582
4556
-1922
-827
3701
-34
-7383
-4230
3822
-1737
-5282
-4952
4963
2906
5351
7664
3252
-1677
-4201
-8745
2735
3635
-2231
-8150
-6662
3037
424
-721
-5572
8303
9990
-2210
-4998
-4062
-1284
1963
5599
3547
9934
6574
-4879
7873
2557
-3847
-8344
-3257
-7907
-3755
6559
-445
2816
7661
-1146
-8789
-9164
460
-8398
4584
3510
5782
-4507
-2342
3571
3098
7444
151
-4249
-5141
-6949
4408
4928
6496
4758
7322
9753
-1541
-3659
3001
3447
-1883
-6736
-6967
-491
-6813
-5224
-9552
2081
1262
7130
8828
2668
-9745
5801
4781
-4479
8243
-4576
6230
1193
-6555
-7503
2807
-1040
4708
-7202
-2191
-2296
-6192
121
-7057
8474
-2105
5939
-4612
-7520
5578
3470
-8676
7998
9044
-1777
-6444
-4732
-2189
1097
9389
-6618
9176
-4217
-5508
8954
6337
5977
-7945
4716
-193
3850
-883
32
-9308
9611
-4751
3154
3780
-520
2077
5691
2881
3368
-5415
-1182
-1683
-3029
4232
-9964
-5061
4002
8426
-2573
9118
-734
-8865
4737
-4985
-8385
-501
-7228
2057
-440
-4881
6513
-4792
4461
-5830
-7356
923
-6027
5081
-1458
-9213
-8281
-206
4594
8172
-2939
8790
-3173
3341
-1597
1503
4647
-4456
2338
5728
1264
9347
4056
-8885
-8116
-695
-3516
-3017
2016
3825
-2882
9375
-35
7313
-4623
-829
-3768
8038
-5617
881
-361
-5412
45
7361
-9999
-7168
-1603
-6411
7833
-7102
-9472
-2356
8617
-3409
5590
-3011
7747
8600
9924
-9950
-5940
7
5275
3989
3985
-3344
9468
-6998
-2585
2774
-2423
2450
6400
-3829
4884
-2524
-935
-8059
-9685
-4319
-2490
-6664
2075
6209
-2851
-7360
5795
-964
8673
-2481
860
-8611
-4429
-2554
7491
-4934
-4724
3489
8365
290
-7585
-486
2762
-9395
4740
-6921
-2270
-2160
2842
1750
124
-4718
-3188
-6534
3318
6342
-4512
1284
3135
5436
1158
4381
2238
-9529
-5458
-2706
-3298
4029
-5136
-5595
-5991
6140
2234
3407
6734
3370
-3824
-339
-1443
-8213
-2984
-1411
-923
8550
-1192
-7060
1415
-1475
777
-1285
3652
9353
-810
-9081
-6454
-920
-8292
-4476
-4289
-8013
-1425
-3689
-2702
8768
5731
3365
-4438
7052
-9336
-5442
1139
-3061
-1883
9331
3778
7808
429
-1236
3219
3676
-7004
6857
8178
-3773
-3868
3873
-2369
4356
-852
9549
9620
-3079
4618
-95
-9012
9271
-7014
-2280
6533
-4594
2284
1784
8128
6795
-3588
-3735
-1079
4803
-8865
3398
595
-534
-3854
8600
-1709
6914
-8714
-4701
9497
8968
8023
-7742
-6437
4333
-543
-6797
6501
-5767
-9825
1402
-3834
-2214
-1435
8216
2521
-4080
-5504
2028
9578
-1648
-3705
1399
8600
-4469
8507
-1768
3909
7112
8729
-360
8735
-4755
-1687
-1529
-2343
9915
-4504
3247
9690
-3273
-9333
9172
1052
274
-9433
7962
-1087
9614
-7442
2397
-1463
-293
-634
7487
-1187
8337
-8142
8399
-9419
-3490
-9233
9237
5851
-5879
-8036
9934
7141
9965
-7118
5159
4518
5751
-8516
-5190
-8573
-9319
-9319
-733
9091
-465
1228
-7914
3167
7952
8416
-272
-6119
6921
-5213
6853
-1000
8485
4802
4818
-948
-4705
-2660
4340
-4935
-2661
-3692
993
-1709
-3758
1532
-2382
2453
4577
6847
1271
-6799
367
9613
-7036
-5669
-7015
-8774
4941
9816
-8129
1042
2709
5432
2031
-9663
7751
919
-4158
2407
733
-2477
-3293
8880
8878
2975
838
-6386
2176
43
-7911
7599
7886
-1794
-7396
5370
8230
3990
-2590
-8099
3070
-8910
-3286
-571
-3289
7250
-7613
-8285
4618
-9774
3391
5782
4792
9539
-5228
-1522
7777
9477
-8380
4462
-2053
2846
9260
-4207
-4400
-1970
7911
1067
841
-7755
3450
7183
3399
8189
1152
7932
-3421
-9148
-1663
2467
104
-6590
1995
-10
-8229
-7157
-9554
-3
-2045
8745
1829
6809
-1891
-7572
5870
-5067
-9575
-1104
5344
-8077
5949
6802
-4957
7835
-3528
-9264
6519
-7861
-493
7603
1233
-7524
4033
8920
-7332
5479
-8329
-6930
-1515
-988
7354
8765
-1931
-1364
8026
9514
9379
6739
-7110
-5415
5365
-1289
6901
6955
699
-8382
-4014
9509
739
9515
2924
-5252
-7020
6309
-4313
-409
463
1051
-117
-1508
-1726
6257
-6968
6356
-6657
3225
8162
6860
8470
6885
-9090
-6452
6177
5687
-9642
-4345
-8691
6776
431
-6873
7437
5673
-8942
2043
8557
-9629
-1376
4666
3211
9667
-515
-8459
-6730
7033
4241
4141
3454
-5702
5290
9481
4999
4191
5341
-6280
4023
-8435
-6680
1756
-3346
1745
-3155
-7746
1276
5746
5764
8852
3785
-3033
5876
8058
-2433
-9424
2181
-5763
-6
-8667
-6777
4267
3061
6603
-8837
4190
-4477
-9331
410
959
7122
-2088
3728
6336
8747
-9218
7404
-9875
2685
3185
2509
9869
6305
-4842
8829
4725
-8170
-82
-7503
3913
6615
-7745
356
-2108
-3277
1273
-3395
-8906
-5153
-6781
8913
-613
-2405
-583
7173
-6095
400
8909
-6941
-4226
-9647
3672
-359
-9950
-5191
45
-6380
4803
-9491
-3550
-8184
6255
2023
2450
6353
-3607
-5331
-9734
7885
567
-5780
891
-3376
-6004
-5619
-3461
8810
8341
6148
197
3529
-9139
-4429
9571
9424
-8323
6317
4761
-1707
1934
-5671
-5242
-2036
6619
-5687
-5117
3438
-6233
-886
-3922
-3740
-8863
9692
-4641
3489
9823
7995
-6470
1472
715
9438
1350
8979
-1458
179
-1313
3738
-3880
-9068
-6504
4575
-9429
-6118
9573
7656
725
9831
2042
3453
-952
9510
-6405
-9419
-6493
-4477
-3582
-6185
2122
-9738
183
-8387
4950
-2035
1102
7504
8832
1149
-6096
-8834
-6654
-8654
-1893
-3753
2953
-3871
-9477
890
-2556
-7518
9203
-3946
8930
3316
9564
3151
5879
-5040
-6595
-4444
1310
-9559
9154
5999
-1297
7596
85
565
2111
2099
-7182
8759
-2220
-3604
-3804
-7533
8117
-8025
877
8272
8205
-361
-4291
-5988
6171
1947
-5814
5065
4532
7705
-4302
-3605
3818
4567
-4633
2838
1299
-2575
6003
6255
1392
5350
-8024
-1210
2698
-5426
-7591
-5572
-3571
136
-8900
-7420
-5210
-8546
4765
-7329
6459
8034
1603
3043
-5937
-3637
-5238
-4889
-7349
-6826
1846
3406
-3193
-237
-9973
-8688
8467
78
-5334
-740
543
-2652
-1456
9216
1235
6344
-854
8530
-7368
-7968
-1951
-191
4379
9468
7530
-9661
-3181
-7867
-3745
4592
237
-9673
522
8282
-6858
-3162
8811
-7959
-3724
-4272
9645
5324
2342
-4715
7045
-8582
-4645
-8552
-9138
-73
8497
-3991
-9682
-39
-9312
2099
-9937
3108
-944
-1634
-6718
-3925
-5101
-4924
-5624
4586
5116
-6627
-9716
-1698
-8685
-2167
2823
4255
-2807
-8342
7623
3036
3018
-6666
-7714
-1527
1814
-2665
9765
-6747
-9219
1170
-3797
8913
1446
544
9260
1443
-2140
2622
5424
-7031
-4240
-2493
4713
-9376
-9257
7339
372
-1395
-4274
-5826
-4121
-8077
7183
6701
-6641
8633
5135
-7114
-9718
2400
-5761
-3906
-1103
6518
-2888
2380
22
6954
-450
-4782
997
654
9803
1913
9022
-8431
-9306
2277
9940
3807
-3244
8861
-7245
-8102
4780
1815
6716
6266
2878
-8012
3048
-6410
7592
7452
1775
-2990
-9939
5109
-3008
-8244
-84
2671
-1642
-2187
8166
5043
6066
-5875
167
3382
5894
-5205
9596
-2473
5310
8975
-7566
1570
4582
-3667
-6703
-4252
-8725
4368
8410
276
5947
1396
-2651
-8645
-8117
-8647
-7817
-6472
-22
-1636
2188
-3676
1709
9170
-389
3411
545
2018
-6433
2569
473
-1722
-2457
-8864
-5214
3026
-2293
-9002
239
6264
-7953
3322
-4061
-9095
7880
-3165
577
6286
5919
1261
651
-288
-6787
-4555
-7189
-4555
7564
4987
4915
4802
-5131
-1816
-8832
9316
-4056
-3101
-8024
-9527
4397
9588
61
3846
1446
-9442
-7495
1687
-6000
-2449
-5592
1495
8798
5698
-357
1423
-6290
-8884
-1974
3086
-3957
7245
3182
1567
4892
-5221
8754
2103
-6316
-3553
392
-9687
-3823
-3122
4985
3094
-1851
-9960
7561
9035
605
5625
9481
-6135
-1671
1440
-1763
4939
2947
-2302
-3256
7984
2988
-4306
-77
-64
9666
8820
8732
9457
-611
5274
-168
-4143
3519
-9047
9582
-9444
-2390
-483
-449
2013
-6291
2991
-2109
-6757
9973
6531
-6156
-1111
-8005
-5012
-4447
-4844
801
5666
-8977
4672
3684
-4246
9812
-6091
-4266
867
8344
-9523
7354
-190
-1611
-5705
-1101
-8627
6747
-5145
-3993
172
-8533
4773
597
-5592
4632
301
5523
-5259
-4572
153
-6081
-5357
-6024
3794
-5179
4902
-2725
-2054
9708
-334
-2744
-3274
-2142
-5411
-6907
1959
-7274
-9273
3358
-8813
840
3482
6600
-9313
-8271
-2201
3018
-2611
7849
-2281
6503
4623
4203
-2157
-7503
-1881
6848
-887
9845
3437
32
474
-4766
-5173
33
856
200
-8430
408
9167
-1942
-2690
-1502
6508
3016
5949
-6316
-3830
-974
-389
-2797
3894
4488
4485
5823
2195
-5414
-208
3840
7354
6890
-423
3482
-4900
7751
-4395
2802
-9387
1287
1044
-943
-5725
-1269
152
1773
-5729
-9576
-176
-7287
-9565
5675
9968
-5802
2913
-7614
2609
534
6216
-280
-4891
-1816
4298
3813
-4540
-9821
585
-4349
2172
1130
784
9703
-2586
-7063
-9973
7224
7515
-431
-3962
-4232
-7539
-2370
1776
4023
-7914
360
-4192
-3724
-7867
2765
-5080
5856
-8741
-4442
6200
903
-7155
9346
7784
3164
9503
-4167
4026
-4895
-2416
-588
4335
-28
6594
-1149
9594
5446
-1143
4768
-3544
8793
2115
8879
-3811
9748
-6049
1862
-3243
8429
2079
-925
783
-7027
-251
3753
-1296
-1540
-7107
-187
1340
-8549
-1073
-1418
-8854
-8300
2536
-5991
-4222
-7171
-8894
-6149
-162
2535
-5728
1431
-8052
-187
3842
-7587
6401
7950
3895
4077
-2378
-1926
-72
-9774
-3438
-440
81
-1907
-3085
-5078
7800
4128
6865
-2945
5062
1027
9789
-1022
1294
-7707
-2101
-1013
8888
7098
-383
-311
-3423
-8086
-399
3411
6180
8250
-627
-6533
-7512
8991
4254
-3684
7839
9562
5454
8800
-1328
-8364
-3187
-1060
-107
-7916
-5091
9050
110
6867
9887
-7162
-1263
8598
-941
8591
-9050
-4381
963
-8426
9489
-7408
-1944
7818
6832
3322
4690
-7411
6563
7394
6076
2151
-5945
8505
-2271
3167
-2371
8562
3633
6541
9150
-9599
6491
696
-6630
-6361
-8602
-7244
-1534
3739
-3832
-7167
623
6779
-5623
5994
8436
548
-6962
4125
-140
-4874
-9332
7565
-5462
-4552
-8922
1670
5926
6564
-7552
-2936
3826
7768
3839
9242
-8653
9859
-9591
4463
995
6796
4272
9528
8553
3681
-3922
-5419
6
-3372
8149
-6995
-4987
-1984
3252
2067
2829
325
-4572
-6017
1448
-7898
-9538
-8536
4862
-4159
6867
4122
-3794
-6835
-9868
1521
-6114
-4479
-6921
-6234
7994
-4228
9393
7702
-8913
197
1263
-9994
4257
2754
-5498
6362
7130
-3318
4549
-410
9811
-8770
3977
-1478
4039
-3247
-1935
5678
-7907
9360
-8160
722
-1725
-3929
3469
2492
-3471
4902
-1522
8113
409
-6560
2590
146
-9585
8894
6681
-1750
6806
6398
1400
-5739
-9977
3456
-5272
-9376
5629
-7549
-5672
-4195
4467
-642
-3776
-3690
-3835
3018
-4565
-9514
6356
-8536
-1789
-7888
9783
-1911
8511
-7325
178
7271
-5321
7244
62
4356
-7276
9257
-9720
5416
-8952
-312
9016
-133
2379
8996
4004
428
-2532
8554
888
-6243
-1107
-8164
150
-3390
-1107
2177
3374
1400
7684
-8555
-5092
-7382
6424
-9512
9441
-1043
9129
-6047
-2912
1598
-7988
5059
-2348
-3227
-1821
-1549
-5901
2261
-7003
4152
-2021
-2039
-7297
-9192
2265
-7799
-9847
-2347
1077
1240
-5191
7927
8103
-8071
-7061
5321
1142
-6875
-1965
446
919
3768
5241
-8030
339
-2960
-2999
9251
3086
-6141
8996
44
4738
5269
4560
4725
-7876
-7153
5984
1463
5640
-232
-9671
1954
3002
5658
8061
61
2537
9736
-9707
-8964
6511
-3148
563
5846
9336
4854
-172
6741
4254
-7043
-2627
9259
-4703
5136
2065
7473
6239
3694
3483
6035
8175
4092
1064
8515
-97
-9875
-8689
-3006
5667
-8833
-2948
-3414
-2641
9735
-4808
5540
2211
4419
4395
4791
-279
-4965
7165
4160
-31
-5626
6469
755
-5368
6690
-97
-5474
5407
-4694
-1999
9895
-1499
6561
-3976
8093
-6945
9986
3462
-2563
5164
-3476
2176
-7832
1528
-6623
-4102
5283
2354
-7642
-1016
-2406
-8831
-9286
-1890
6092
3750
2423
5423
-9307
2899
-6672
-7261
-6455
275
-9249
-7201
-3824
4072
4356
8078
-2019
9812
-723
-1956
9467
4722
7408
-1655
9801
-8389
5623
7728
-5183
4643
-5389
8583
-8762
-3189
9717
-1358
-9833
2272
2572
219
-5432
814
-5678
8686
-2697
-8758
9451
-5408
-4146
-8720
-5397
-1568
-1782
1463
-4308
844
-1013
1170
-1948
-9460
-5615
6736
2013
7611
6932
-7476
5450
-2164
5123
-5121
-7673
-7902
1109
-6603
-7312
9394
8439
-6453
5035
9771
2361
2818
570
-2815
-7780
-249
-6571
5418
-3875
-6028
9121
-3097
-6484
8064
2312
-6907
-7758
-9593
-7193
7895
-1825
6629
4258
1334
7723
-538
1290
-369
6755
9857
582
6646
-1747
9100
-2137
5241
-7366
-9309
9233
8118
-8500
5182
-6631
-4295
168
-7649
-7969
-8576
-8365
-2030
-1198
9283
7306
-4006
1905
-6979
8254
1645
-6563
-7635
-469
3022
8085
-5895
5727
9517
1353
-9724
8408
-3615
1953
6089
4949
3335
-2300
-2966
-5589
8362
3926
7902
-7597
-6641
-4916
3485
7974
-3657
7056
-6868
7479
2348
9877
871
3791
-9541
-1355
5118
3024
-6745
-5764
8835
-7006
-9744
8186
-8633
-2690
-960
-6535
1604
192
6638
-566
-7257
-7487
6237
-2956
-5130
6473
-7090
2720
2825
-8608
-9191
3267
-395
4326
-1624
-8726
1923
-9834
-7223
7886
-8195
-5826
7565
-2680
6183
-4106
7196
-4160
673
-7195
-4325
3573
-4622
-3987
-6694
-227
-1026
-9543
-5545
-4893
6373
9791
-3238
2780
1744
5604
-1969
-4424
-8187
4245
-1860
2112
4646
-3908
-9001
9563
1068
9388
1485
389
6315
6176
1769
1665
1863
5669
5469
6012
2251
-4751
-5665
-9251
-4681
6703
347
7350
3131
-7259
552
3060
5347
3808
9600
5428
-6635
5990
-9910
5381
2753
7983
-3683
4281
5567
6281
1978
-2336
4808
-2125
-7047
5736
3576
1819
7192
3109
8224
-4815
-1337
-3930
-6839
2286
2811
-4360
8208
-6219
5783
-9596
7528
5451
-7370
-9614
1480
1332
-6355
2315
-5288
-4119
6739
5823
8867
-647
5662
-7872
-106
-2702
4304
-1571
4167
-9448
-733
-8062
-8813
-1453
-3891
4162
-6530
351
-5276
-5420
-4809
4074
5451
5783
353
-3034
-5863
2359
-3001
-8762
-5413
9759
-1027
-3850
-419
-6923
4524
3985
122
2777
-6793
6804
-9675
9413
600
6539
3347
8018
8351
-2702
-3689
-8827
5037
4163
2596
-4056
3090
-6033
-3807
7298
-6873
450
-8080
511
2912
4307
-5927
1189
-5100
-1151
3210
2970
-9857
7426
-3553
-4149
6564
3708
-7308
2945
-7366
4935
-3358
-8329
2158
-1993
1708
9833
3764
-196
1349
-1502
8222
1183
6799
3555
3998
-481
7841
-2123
-3676
4579
1416
6156
-9780
-8701
-4855
-5786
4567
1217
-4580
1205
6443
-3548
6864
2564
2058
2964
5727
7141
-8693
8251
9328
8130
-4395
-5208
-14
8199
-67
2503
-701
-9012
-5030
5100
6049
8561
5119
-4826
-6519
-6705
1470
1686
9316
1879
-2823
3159
-8701
-9378
-6686
-209
4971
8184
4738
-9820
-1992
2184
7586
-767
-6823
-6946
-1845
-9215
-2179
-8990
-1469
-8126
2882
-126
-2811
-9705
-2094
4492
-7039
-2290
341
8995
34
-1733
-7367
38
-6545
-822
-959
6547
-343
731
8357
-4720
5922
457
7654
-1661
7214
5149
973
-4174
-8522
-6745
3331
-3522
-1809
-3606
9146
-5452
5410
-6015
-5058
-3724
-4143
8500
1763
5170
7478
2661
1896
9042
-3504
8255
6258
6858
-2466
4640
2283
-8394
4359
3205
-4407
-220
-8848
1809
-1226
-9514
725
-4767
-6993
5171
8853
6837
-4368
-2887
-3764
7997
5484
2937
-3740
-8467
8231
6567
-3664
-5836
8597
1149
-9594
-4110
-9481
-8175
-963
-3787
-6201
6609
2501
7746
6629
7295
8997
4209
4039
2237
6697
-1447
-897
5138
-6423
-5521
-4660
9899
3850
-9150
-2363
3629
-6699
-9291
-3664
-3912
-6556
-2540
-1699
-2854
9233
7124
5724
-2047
8552
-7527
-4570
3808
5628
3547
-9292
-2745
-4230
-7935
6984
-9783
5287
-9231
-5030
-1529
-4384
6579
9315
-6949
-599
-4143
5210
4370
-9418
2954
9999
-4566
-1451
7976
2330
-6968
-6624
4018
7827
-5391
-2229
1433
-2886
-4964
-953
-5239
9904
7546
2918
2425
-2153
-4073
-6478
5716
409
-9600
8350
9277
-3565
3189
-4615
-6477
4214
-9526
-1668
5983
110
-3244
3000
-3207
8538
-2738
-7543
-9291
3742
-285
3088
9813
-8954
-4965
770
-3837
-2874
2004
3892
6557
-2092
5124
3382
-4499
-8725
-3137
-2309
6023
8070
142
-9895
2124
-5911
9623
-6594
4000
-6438
-5941
-6173
-4253
-3959
5758
-1630
-6977
7572
8899
3634
-206
634
2124
-8343
-1896
7746
3905
3752
-1034
-2206
1492
6127
5978
-7221
9760
-9732
-5787
-774
5374
-330
-6065
522
-3727
9217
81
2258
-9673
9690
8774
-3714
7960
7307
2595
5232
9737
-5007
-8309
-6019
6862
-2315
-156
-9271
4108
9955
-3730
1004
-6193
9857
-2263
7531
-8225
5163
-3997
-7392
-3812
-5008
-1048
-4281
8713
-5599
6221
-6575
-1740
256
-8626
2202
-6071
-6254
-548
5975
-1502
-3421
2318
-1073
2663
-6444
4116
13
-1988
-1595
5927
5256
4269
-4202
2174
5437
-6430
-9147
5896
-360
425
7938
3769
3632
8598
-8963
8508
9068
-620
-9484
2596
-6787
3842
8082
-9180
-7219
3501
6833
1520
4932
6963
-1561
-9633
-4403
-9503
-584
3766
-7856
3287
-2552
1388
930
-5158
-707
3375
24
1548
-8958
9795
-3758
2476
3845
1041
-8602
356
3487
-4197
-5390
2269
2670
2205
4741
3683
-505
4198
-3321
-1700
4123
972
6163
-725
-3354
-3175
-2175
-2476
-5945
9139
8932
191
5730
3274
9461
-4983
-4672
1901
2766
-3327
9878
645
-2896
3380
7175
1195
5733
-1080
-2505
-9997
7620
-9232
-2482
-2949
-162
9483
-5723
6927
3658
-6085
4365
-6206
2598
7245
-9392
-8059
-6168
4163
-583
2912
4812
780
4136
-3413
5290
6229
-7555
-3586
3441
4616
7038
9988
-7967
-6292
-3074
8295
-2744
7949
8976
-9273
889
-1966
-1628
5532
708
8204
4000
-8831
-1801
7523
5345
6585
750
-7534
-8816
-2787
-5392
8423
-1044
3983
2529
2029
-9217
5750
450
4739
8022
9651
191
-3707
-2057
2532
9083
-4061
7316
9007
7398
1736
-7573
7561
1054
-592
-3958
-5892
7420
-1124
-1748
1993
2593
8768
102
9022
9196
6400
-6921
-6539
5355
-2781
5188
-5986
-2034
-5086
-6411
9183
-2115
-1201
-9484
1436
-8043
7346
-6556
-2084
9094
-2593
-4053
3969
3534
9258
-6035
-4171
-8958
8258
-1008
-1475
2723
4164
666
-4095
-926
8151
-2505
92
-4011
-985
7717
5891
-2171
942
404
4539
9896
-9477
-8934
7699
4183
-2552
-5334
-7524
-3033
-5394
-1277
-3488
-6958
-9231
-1249
-7788
8608
-4097
-6840
4194
-320
8732
3840
6939
85
453
8996
-4818
-6471
2055
2505
3444
2566
-4583
7408
-6786
6314
9725
3226
-7206
4460
1501
-6939
-3982
-76
7294
5107
-6404
-9071
-1552
9679
-4932
916
9183
776
-3278
5851
3591
5858
3048
-8945
3755
-8666
8005
-3521
-2087
8918
-9908
-4860
7632
-710
5405
6088
-7550
1168
-8971
-3139
-6548
6210
2942
3350
-2685
2007
2733
2617
-2940
-5602
-9924
-6788
-5773
-5117
838
-1234
1839
-5513
-3079
-8981
-2749
6933
68
-9223
-4497
9680
-2208
-3385
8158
1511
-2642
3609
6802
3780
-532
7989
8734
2517
5666
-8614
-9154
6634
3143
9846
3800
-9112
1465
5075
-2207
-2708
5350
-8511
-2230
6088
-3812
-3087
9561
-6823
-5762
1567
-4841
-2580
3908
3431
-3449
-1745
-7723
2151
3432
-579
-4317
-5527
-9971
109
-4650
-4995
-3249
9794
2665
-9186
-6602
561
3270
9534
6251
4180
-5092
3912
-9569
-90
1107
-3579
1279
9412
-8232
-784
-1936
-4782
-1674
-216
-243
-121
-5057
2553
8760
3917
5435
8369
-106
-9712
5003
8472
7803
-2491
-2046
6001
5871
-7123
-2043
-3443
-8295
6438
-4798
-9015
9781
9095
7445
-6
9348
-2351
-835
4182
6293
-7853
3647
-2373
-4578
8678
-902
-7810
-4407
-9006
9365
-6655
-9080
3128
-1264
7958
-2241
3378
9620
-6423
-9371
810
6069
-6390
-1477
-4817
9494
4539
8709
9472
6046
1430
3343
6220
5293
7355
573
-5425
8270
-5403
5355
-9627
-1659
2289
-4814
2775
882
7890
6094
5732
706
-1195
-6330
-9578
9433
-6862
8255
-1843
5091
8877
6897
9797
-2368
-9732
-2349
-7479
-7002
4091
-8619
-332
-3626
8337
715
-4407
-3373
-5544
6891
-5439
-2532
6118
5380
7136
-1691
-4865
-5506
-2579
-171
-3108
-1009
6725
285
-7242
6981
6726
-7289
-815
-8893
-813
1369
-3679
-9323
1539
-1829
5738
-3247
-5041
-9881
-1875
9522
-7086
-5673
-3349
-4711
2934
-4666
2204
-7064
8842
-5420
6726
-9919
7530
-9216
5567
5674
4751
-4036
-5149
8550
-4664
571
-1845
4659
7953
-1134
-6324
-2306
8308
-1377
-9673
1739
9085
-3828
9950
-2826
2214
8920
2363
1820
-6594
-4497
9500
-1556
3035
4730
7299
-7291
8241
2893
-4666
-7623
2401
-7860
-962
-4670
-8589
7833
-2850
9456
9462
4398
3603
-9714
-524
-620
3472
-8067
3539
4645
4288
-2631
-2131
1225
-8440
2221
8507
-6769
-3179
-3755
-5866
307
-5855
-8297
2188
6658
875
-3866
-9244
-3327
-1808
-6419
-4801
927
6463
8836
-7375
-3918
493
4142
-4803
-4986
248
2341
-3902
-3504
-5675
3594
6689
-3926
-6422
4732
-8787
-8120
9862
3225
-6093
-7558
-4352
-5540
4910
-5102
3752
-6127
-2187
5026
1043
5492
-8685
-4997
-2857
9471
-1
-3214
-6907
-3232
7997
-4962
6102
7913
8899
-5222
-5017
-5305
-2231
-6401
3387
-6965
2457
-8108
-8062
-2704
1429
-2143
-4109
-5117
-9479
-1382
-5624
-3591
-7430
7643
-9959
-7383
270
2266
-1352
4017
-5534
-217
-6885
-6901
-384
-7642
-6566
4338
220
-4342
-4053
2878
-3268
-3301
7553
5160
-4885
1308
8126
-7079
8097
5302
-187
-4958
537
7487
9389
4338
-3174
8546
-4094
1875
6023
-8204
8301
-4337
-5188
-8311
-7757
8257
709
-9754
-7324
595
7384
5156
566
-3802
8902
7882
-3549
-9994
9333
-7246
-4417
-5256
5848
-3058
-1617
7224
3754
-3692
8970
-2291
-5687
-2323
7487
8753
2418
-5269
6242
-650
-6114
-3497
-6911
5329
-1009
-672
-8395
9631
-5901
5070
-9086
-1913
5121
-5875
-4883
2118
-4098
4740
-936
-3032
5075
-7376
-6894
9099
204
-6965
-2620
2063
-2784
3438
-8743
-7875
8665
-4787
6744
6466
9057
7415
-9110
1394
3747
5915
-3409
2607
7692
9018
-2545
1188
2084
-6286
7799
155
-5353
3455
-6882
739
-4244
-2936
7142
7934
-882
5885
-8244
-5417
-1270
5715
9106
7296
7733
-5580
6233
9440
691
5666
-5984
9677
6483
-2722
-8345
-9597
8440
-3932
6805
377
-6425
-8123
-1237
8091
2370
-2761
-523
3357
9482
1471
-5617
1738
4310
7996
-1354
6995
-645
8176
7521
6480
-7101
3504
7982
9893
767
-6250
689
5628
9398
-2382
-7329
-3353
-4889
-7626
9437
8113
2488
-3940
-8572
6429
6753
-7990
9150
2798
9588
1032
5742
-2046
-6986
-3836
-1091
6820
2466
68
1461
-5394
-5912
3845
-4301
8432
4519
4624
-8323
9118
1955
8828
8179
1584
-2662
-2279
-5906
-5882
3749
-1970
-6907
4183
-9997
-9587
633
-6826
6144
4947
-4339
-728
-3569
9368
6091
-9871
7683
3430
-9081
-298
-4990
-5026
-8706
9298
-9306
-5925
6943
1032
-960
7989
2191
-8298
187
-2991
-2960
-9495
9044
-4870
1995
3096
-9641
9197
-2318
1038
5908
1260
-2325
-7166
1182
6180
4756
4441
5889
-7790
7389
5516
-2838
-6489
-9832
3088
-2664
-5618
428
9664
-5731
-7028
2195
4962
-1111
-4989
-8140
-1554
-1806
-459
-1616
-6702
9466
2240
-8022
9621
6555
149
5108
-5850
4539
-8251
9836
9908
8181
-7415
9918
-2108
9232
9152
3698
-2865
1091
-6616
5575
3271
4872
-2220
6995
-946
-6891
-2155
-1904
9475
-5366
-5960
1546
3584
-7287
-6838
-7578
8269
-7140
-9622
-6294
2832
2909
-3476
-3156
-4748
-4112
-4412
-1607
7536
-8141
9602
4218
-3343
5859
5371
3774
-2010
8277
-4169
-7733
-1683
-2495
6832
7640
-7562
-5647
6848
-2676
-5479
7373
850
3644
8822
-5148
3245
-2091
-5530
1286
1528
6496
-6666
494
678
1214
-4869
-4191
213
2558
-1395
1906
-2128
-7729
6336
3277
-8120
2144
9702
-8556
4220
-9459
9348
5787
-9536
-8823
-8471
3896
3848
-5208
6521
7206
-2381
-4678
-1177
5836
-304
-1629
9628
6398
-7085
-8725
3618
3805
-484
1563
3392
-5139
-585
7231
4004
9310
8302
7848
2638
-8119
-5493
-7008
-5637
-6574
-9124
-7246
-3759
1801
9055
-3202
-9511
-4938
7973
9306
-7388
-955
9063
-2551
3494
3706
5431
-646
8901
4531
3907
-7731
-5537
-7061
4331
-5931
8160
5146
-6161
5300
3501
-8604
3497
8354
-7128
-7222
-3827
-5428
-5095
-2521
8264
-447
6097
-8125
-650
4107
-5794
6873
-7012
-8161
8976
8533
6515
-2127
8163
-7833
-7877
-3008
9744
1918
-6501
-576
4053
8572
4023
-6381
2630
-5500
-112
7773
9232
-3935
9745
297
-2505
-6956
1211
2437
6239
6703
8779
-6869
-9370
-8730
-9678
6445
1991
-8352
-692
-3438
-7462
-2843
-4786
9016
7894
-4082
-1350
6444
1305
-6493
2862
-7329
-3975
-9843
-2554
138
3181
-6161
-5625
-432
-6780
7978
-341
-9291
2416
-6712
3632
2582
-6986
2157
-8505
-4291
-288
-8686
-3761
-4461
489
7076
-5040
-412
-1313
1823
-3596
-5825
-7942
270
5243
9737
3611
-7411
1111
-1888
8720
7175
-4334
9021
-381
-3462
1806
764
9573
3404
7451
7895
1501
-6828
-6312
-4256
-7653
-488
-9887
-8686
1480
5260
-2089
-1550
-2035
-4391
8416
-1276
6979
-215
8397
-4118
-1686
5069
-1949
-1207
7290
-3446
-8135
-1159
-5562
-4629
-6388
-5508
-3065
-1999
-4332
3255
1957
9048
8816
-5442
3764
3400
-408
-647
6544
9601
5910
6518
-4336
-3166
-7321
59
-7091
-7349
-116
6371
3364
-4700
-1309
-4899
-9996
-3059
-199
-9110
767
-69
-2630
-1990
-4725
6466
-9281
-360
1848
-1998
-8898
-6645
927
-8866
-8107
-7532
-9393
348
-9926
-8828
8615
6532
9846
-5271
-8353
5012
9962
-6738
9493
-6825
-2163
-7798
-86
1101
1037
-2058
-4095
648
8173
-6788
6829
-3168
7977
-4057
-7690
416
-6665
8266
5284
-1854
5559
-8002
-4856
-1710
-6722
-9575
8759
3963
3358
-3477
-5362
-2398
6045
-6771
566
-9776
-9846
8811
-9013
-88
3690
-9430
8463
-147
-3315
6910
-9540
1972
1414
142
-3711
7372
-4446
4838
3616
723
-8398
-4197
-9482
-8665
-6867
7721
-2768
5959
2696
3099
-5028
-8432
-4019
-5702
2990
4577
2916
9035
5331
9607
1681
-8351
-6078
7856
-8903
451
6577
9260
8512
7408
-4066
7880
-5061
-8724
8553
-4046
-8752
-2361
7845
3255
-5225
1279
2946
-495
-5602
1589
1994
-9779
-9140
-3255
-5457
9758
7347
7222
-1762
-3027
-6129
-351
542
7794
-7320
3675
-8212
609
7968
-5830
8908
-4228
-8724
7369
-1463
1066
6496
-6796
1173
2636
6018
-8698
-1139
3718
195
-9211
3216
-5201
-2099
-5284
7450
1829
-1064
-5783
7339
5378
-3483
9121
7102
-1169
-3860
-8086
-9750
-8078
-7735
3037
8976
-2891
7092
-7784
5126
7441
8018
-6955
306
9234
4028
-5990
7168
-1220
5406
7195
3630
4764
5468
-713
4567
7222
-3029
6673
-2454
229
-4995
8893
-6286
-6574
971
8553
3491
5272
528
-9552
9932
5241
-1503
-8171
8431
659
183
3684
-1577
-4838
-6508
3258
1074
8556
9701
2231
8528
-4222
-9444
7881
-288
-1616
655
1089
-7766
680
-8175
-2184
-1148
1282
4224
2654
-5928
-4166
9309
49
-4233
-1411
-1919
-9388
467
45
-9222
2171
-6008
878
2758
-6929
-8297
5456
4210
2544
-1978
2357
1093
1464
2939
9166
-8985
8744
6550
4572
9136
-2122
5206
-1792
9859
-845
-6193
-2503
-8411
9741
8812
7704
-1224
-5425
6605
583
5571
-8137
-3555
6006
-3956
-2373
-7995
-7885
4060
-9636
-7351
-4784
-5532
-9393
5369
8702
-1575
-3417
-5192
-8943
6957
5070
9231
-848
-4866
-3239
4000
8276
5705
-5495
4576
5677
-3744
2845
-9279
-9814
-5024
-859
3856
1523
-8646
-4553
-9640
2632
-7006
-1951
-3045
-7175
2038
-3111
-7292
-3717
-1046
-7775
-8883
2313
-3497
8842
8399
-3241
-9285
-1860
5635
-2243
2065
-4399
-8303
5117
4897
7319
8782
-5223
591
9250
383
-6462
-503
-820
-1936
-1796
299
-1737
9083
6821
-4200
9474
7743
3285
-541
4941
3007
-3381
8767
3927
7214
6087
-4088
5216
1477
-928
-8070
-2449
8057
1315
-2633
7909
-9204
-7623
9357
-8379
1601
-5852
2754
5487
-5212
5101
1075
-4963
8464
-2954
4406
-3772
5532
6821
5921
-1114
8505
-5944
-3221
-9200
2929
8675
-7771
0
3339
-5533
7892
4041
-14
9091
-2072
-4621
5069
5183
8696
3833
5232
7921
-4900
-9322
-222
912
377
108
4560
-1734
675
-8525
-5791
7626
2374
-3421
-7594
248
9553
-9858
-2275
231
-7513
-6228
-6556
8452
-8197
9434
-6361
1658
-2709
-5732
-704
-5944
-138
793
7976
-6907
-5180
7225
-4901
3726
-258
-9961
9419
-5326
-5288
-3275
-4761
-5757
4995
1899
-1869
-5111
-5979
-820
-2995
-9355
-8490
8531
3079
118
2375
-1040
7504
5181
-7872
1106
-2084
8200
9657
-2614
-9236
4300
-4516
-1842
4506
4443
5883
-9221
-2027
-2184
-2437
-9279
8222
-9899
5639
39
8424
-3326
3131
-7018
-4270
3165
-7004
279
5011
4196
9607
-2528
-7138
-31
9425
4067
3340
1294
1469
532
-2974
7379
-6985
-298
1405
7172
1222
-4291
8424
-2598
-1164
5549
-3799
6020
9821
-7045
3793
-9953
-7023
2197
-8179
-5225
5165
9003
-5552
-8406
9635
-7731
111
-1171
-2417
345
7314
-7843
-8848
-9427
3345
-8892
1747
-6413
-3305
6362
6186
-4577
998
-9608
5035
4934
5214
283
-2166
-5133
-8149
2437
1381
-8040
-8527
-6628
-8865
-3658
584
-1255
4339
-2596
-3839
9033
-6890
-442
9203
-8443
-9289
4606
-4938
-8659
4894
-300
-1533
-8255
4170
-1341
7712
-3883
1877
2982
-1021
-7513
-430
-1890
-8489
-8875
-1243
4059
-9074
712
6967
6676
-7518
7282
8554
-1319
5570
9884
7959
3801
-6864
5645
-6301
-5794
6789
-1175
-4445
4155
-248
-2466
-6646
7190
-4999
-6769
-2562
2391
-6658
9366
-7384
7926
-6443
-1312
-7248
6813
-7718
5843
1868
-7688
-2826
-2323
-218
5600
2854
-1063
3252
-5507
-7834
-9210
8854
190
4144
-2504
-1394
753
-5881
7414
2740
511
6905
-9265
2234
-2634
-3380
-6921
-4024
-6568
-9849
2995
-1625
-9460
379
752
-787
6204
7150
2922
-1103
5521
5658
8078
6429
6991
-4724
1152
64
-9438
8297
7650
1991
4632
-4976
2027
-8762
5597
-4985
3665
7951
5815
-4769
3892
9930
-3412
-4930
5760
3595
1006
2303
9831
1306
7207
9352
1020
-6438
-8946
-8534
-7599
-5133
-8441
4623
1469
5634
-9011
-7922
-9730
3056
-4608
-6402
-4687
6351
-3794
-1929
-1182
7186
-4904
9345
3733
-826
5899
4216
5359
3630
1356
-5542
-4959
-648
-4424
-1147
-1766
-5598
-3747
3869
2963
-1705
-4819
8240
-3997
-388
-5905
8977
3687
-3198
3201
7311
5715
1952
2124
-5007
694
-1200
5219
9909
-6121
9798
3743
-2339
1339
3481
-8671
-9178
9844
-6275
-9944
-1020
-2188
2245
5849
-3487
-5256
-4878
-9540
-6989
-6033
2386
7057
-9489
-3786
-4061
5512
-6708
-7586
-9016
-2697
-9246
6074
-1485
-2230
246
-4183
-5946
8137
3704
4295
-5253
-311
-5167
4123
-6393
6192
6841
-7922
-5217
-2793
4159
2719
-473
-9219
-3032
-7082
-991
4272
-4549
7090
7753
205
9256
7755
8725
-5341
-2934
-4427
-4713
-1189
-1945
8898
7078
-2946
-9057
6055
-3624
-3886
6329
-6692
4085
9594
-3495
-2915
2466
-3350
-7363
4971
-9999
1540
7051
-9131
3949
-5199
8440
-6348
7671
-8523
-5290
9063
-9233
8028
3383
-6534
5126
745
-2189
3125
2484
7325
-318
21
-3648
-8035
2235
-4840
7045
804
-9250
9311
8869
3999
830
-360
8229
-4129
-4920
5371
-6611
3901
-6430
8597
-6979
6643
5197
-266
1794
-3426
-3267
-9374
9248
1440
-5565
5790
-5615
7226
8671
-8515
3106
2785
-8795
-2706
-1632
4910
8784
-4771
-2484
-782
56
-9831
5577
-7216
6613
3497
9615
-1164
-7645
-8204
-2598
546
-1438
7541
-9219
-6852
-1731
4264
2306
1822
-5861
5565
-567
1274
-3248
9616
-7437
45
-5057
-5645
-3567
1140
-6069
-2162
-2169
4936
-8297
-6643
7733
-5019
-2237
4278
-3477
-7616
-9947
2821
9257
995
-2963
9077
-1796
2953
-8114
-9942
5234
5533
6995
-3991
-8099
-7719
-4987
2665
8665
3660
-9277
-7524
-6406
9174
-9487
-2034
9220
-410
959
-712
-9796
-6960
-6322
3283
2493
2258
3037
-3733
-8516
-5242
-2577
4102
-2097
-9892
-4969
-1745
-1571
3842
8081
-5360
-5031
-7153
3977
7593
-6446
-1191
-8407
-5096
-1834
-3723
8375
-3506
6100
5849
5467
8238
-7780
-6877
7915
-9103
2525
-3187
-8627
-9960
2397
7188
-3722
-3715
-4860
6110
2115
-1975
2489
-4051
-9823
-2893
-6032
8363
4120
3472
-3070
-9526
-9794
5396
5121
-7624
5178
241
1876
5712
547
8479
659
5898
8905
8211
-1733
6
-9144
6186
6245
5011
3870
5268
8616
3606
2361
-5629
-3259
3063
1632
7533
3195
-419
7462
3906
4865
-7428
9628
-1742
7238
8519
5787
-9830
-9347
6611
-7791
4231
-3223
-3483
4189
198
-6786
755
4876
8938
8792
-6745
-9975
-8675
-3924
2076
-7650
366
6814
7292
6989
1744
3183
8777
8232
-2113
-2610
-8688
-7473
6093
2323
-5951
2640
9267
3768
-2572
7852
5887
7628
1381
-4907
6991
711
9682
5013
-5701
-7681
9766
5984
-7163
3279
1879
4328
-85
-4815
-725
3610
405
9698
-7084
6291
-8256
-4228
-9397
10
1437
445
8346
5564
-2581
6990
6325
2780
7326
7807
-2691
9535
-4514
9959
-7095
-3813
-9373
4174
5086
-9483
-5415
-4986
-2560
-5230
-445
3993
3308
-859
7315
-7790
-1314
-5194
-7488
-565
4553
9939
4904
7570
-1798
-3160
2376
-9586
4520
-4941
-7050
-3363
3720
-8570
-9479
2352
-9089
-2867
-9538
-5874
2838
-1610
4636
-4637
7153
-4694
-7790
-474
5233
-4339
8050
7092
8308
-7967
8737
-6838
-6275
9026
-9454
3947
-3938
2481
5656
-7543
-8635
1507
7290
-9438
-7694
-6289
4877
-9542
1704
8699
8261
255
350
-8786
-2575
-4667
5937
-6305
6168
1935
6462
-185
-8505
-9918
-4642
-7880
507
3373
-9873
2226
3264
3458
-3496
9244
-8157
-9318
-847
-8318
690
-383
-110
1525
2017
-8293
650
2027
3400
3146
-3267
8943
1739
497
8825
-870
-8574
-302
-3411
-611
8178
-7592
890
6833
-7101
4013
-4213
1410
-2808
-5840
-4810
283
-4968
3209
-4683
9667
2510
1767
-1454
-5507
-2919
1299
-1551
1296
9144
6779
7241
6401
-6048
593
4588
697
1572
-1567
332
-6056
6672
3253
-2795
-5965
-9050
-7599
-7860
-4043
-6091
9565
-5396
-9504
-7009
3510
-4192
-1867
8050
-2357
-8292
6027
-1135
-7867
9649
-388
2108
-8447
3729
-4957
83
-3268
-9860
7444
-8184
-9811
-9223
3237
-2985
921
2851
1813
-4730
1691
-2714
-2170
-6678
-3127
1815
9331
-4707
1038
3759
3852
290
4697
2181
7008
2070
8515
4886
-3377
-9709
8076
-3999
4200
6780
-2892
281
-8078
3898
-7405
-414
-9153
-4197
-4307
-6786
-4538
894
3317
3930
-5527
-4509
8104
-3773
-2779
-3439
-1966
4910
-4882
239
-9366
5645
-7239
-6286
-9822
4085
-977
-4330
5193
2814
1580
5970
-8345
-8028
-5165
5647
9271
732
-4126
-3486
2862
-9005
-3745
5351
4822
3714
9272
8477
-550
203
-6812
702
-9722
2147
6426
-7119
-794
-6922
-737
1250
-9734
4759
9308
-367
-9974
-2941
7566
-4872
2852
1670
-9146
-8487
3251
-2418
-469
2245
2021
-9462
7020
9451
-1639
-9626
7972
4058
705
9550
7787
-5579
4678
5830
-880
-7818
9769
-6839
182
309
-8252
2874
4503
-5852
-7589
785
-7531
-9170
-8576
1348
-3636
-5313
-6002
8690
-6520
6042
-877
2097
-7188
146
6429
-9085
5519
-7982
-9751
5574
263
3680
-6554
-8436
8673
-2588
-6507
-8753
9407
-456
6253
-2681
-7835
-2485
-724
977
-6584
1262
4494
2214
-1011
-8889
-5648
-8651
9942
-6718
3192
812
8117
-1880
5151
9904
-7429
4500
8045
1145
-111
-1849
-4518
1892
8079
-689
-5191
-697
-1600
5588
-2606
-1730
3134
-9225
4857
9699
-4102
-1913
-5762
6354
2386
-311
2707
-9160
-6163
9513
-1647
1680
5015
-5769
9881
4431
-6849
2623
4698
8354
-525
-4517
-2604
-5528
7996
9090
3522
814
4010
4043
4394
-6128
-362
-2743
-8238
-8988
3431
3924
-6077
3541
-1757
5622
-4704
9277
4473
919
4352
-7162
-6125
8689
4047
5407
-5929
1111
-6300
-2658
9930
6957
2594
-2359
-5012
8776
-1290
6413
5261
-1119
-9796
2773
-8432
-1157
5152
-8740
-3973
1132
-6300
6424
-299
1267
-9013
1705
-7960
1231
