9295
-465
8271
-1437
-758
7073
3882
-5108
-4659
-6914
4122
696
-830
9958
9513
-8018
7213
-9547
7576
-5588
1117
-3864
-8427
-8435
3467
-8875
-3821
6477
-2683
3298
3118
-5955
-4622
9298
-6026
2193
-54
-6311
-4944
5674
-129
1578
-3284
-7975
8653
4556
2019
-8307
8465
7591
-2713
-6670
-3524
7109
-9535
5486
-4565
-9552
-3969
2029
6066
4012
-588
4638
-4068
9300
-226
-1861
-8195
-5283
2016
4667
-914
-7066
-4948
-9571
6730
8452
4719
4052
9090
-6053
-6580
-4512
-4048
9224
-4648
5770
-4558
5798
1016
-5374
-9516
7802
-2314
-9195
-6972
1306
-5666
-3543
-2072
-3862
-5255
5767
-6642
6162
-1643
9092
-178
-8395
6020
8910
3888
-6468
7392
-3359
2009
-5333
3572
-7543
5691
-4086
1520
9601
9704
-7123
-3616
4669
-4770
-3967
9387
4783
5914
-1647
5044
2033
-1776
-9276
6968
3441
7744
3605
8082
7579
-8160
-8671
5235
-6116
2791
-3466
-4374
8934
-5753
8024
7105
5264
-6946
7992
9539
0
7770
5989
-5687
-6495
-5490
-6581
8103
-7766
-1819
8656
-2263
-4560
596
-404
-4195
7206
8136
-2832
7939
-9224
-7529
-2927
-4520
6577
-4389
1710
4904
8927
1140
1999
5445
-6850
-1368
-2544
9333
7344
2863
3609
-4258
-4145
9703
1538
-9333
-8962
-1360
-6829
-3809
-5386
-1690
5091
-9381
3135
-3442
-5326
-5885
-4160
489
-1564
-9586
7120
7837
-9206
6787
-7939
9378
-2815
-2526
-7419
-8113
6970
3383
-4285
-8466
-3688
-7886
9882
-750
-6393
-2748
8530
7648
6343
3857
-9558
-3154
7359
-3782
-9008
-7114
4507
4697
-8205
6216
7118
7880
-1242
970
9286
-8637
-5573
-3792
-7705
-2938
-4834
-4816
-1739
-8495
8808
-7704
1820
-2937
494
-8238
-7498
5579
5826
1581
4748
-832
-86
7738
-3682
-5119
-7018
2422
9332
1270
1352
4143
2437
4775
4783
-6658
-8138
-8102
5062
-1871
7584
6487
-4617
1174
-8526
6843
6354
-8220
-3139
-212
7680
-9935
-8876
9928
-1210
-4594
2252
-8571
7153
8398
-9117
5524
-2491
9743
1832
476
9534
-1673
-9107
-6554
-7616
-976
4579
3412
681
7393
-5358
-5427
-1579
-8611
2694
4326
6556
-2103
8475
5101
1992
-4473
-9939
-1521
4186
-7845
8257
-1821
-1558
8330
-5083
4817
9173
-982
-2905
-6885
7162
2636
-8076
-1074
7854
2328
-1107
-1539
-4460
-5145
-9634
8175
-8443
-2532
1551
-9131
-2581
-5601
81
-2987
6680
7044
-13
-6201
-1392
-7384
8971
-3550
4334
-5225
-783
-1393
9801
-5307
-3281
-1267
9776
-4216
1516
9610
3632
-1311
6712
8760
-4352
-346
-816
-2692
3075
8749
-4143
-4481
2650
9933
-6625
5467
-5641
1452
-2558
-4458
-1463
8150
-9412
-5240
1456
-6726
-1488
-7699
-3079
6524
406
1584
4046
-6436
6649
-765
4199
2130
-5363
-1919
-149
520
946
8955
-9287
3251
110
-9291
-8774
-5086
-3328
-8335
-7736
-2208
3908
-9001
1519
2045
-5998
-8279
-8566
-7175
-3310
6522
-8930
4261
2340
9093
478
-6604
-946
7982
1423
8401
5747
-4448
-2738
-2001
6118
-6268
9244
-6876
7773
291
3242
2076
2292
9535
3334
-2013
-1651
3553
7433
1758
2212
-994
-996
-5964
-8128
3042
-9216
-3316
-1759
5073
1843
4036
-3299
4945
8392
339
-3496
4890
-2087
-7081
-3926
6591
7198
1955
553
1577
-4599
3097
1632
8499
6133
4924
-5864
7702
5452
9278
-3134
-9869
-4486
6749
8610
5165
-7592
4917
-9064
1298
4459
-8847
7080
-8698
-8385
715
2924
0
-2447
-62
-7025
-9170
-146
8152
-2815
709
-5496
3835
-9531
-7209
-2375
-845
7280
-5898
-6485
4542
-1323
5598
7461
4815
-8211
-8938
9269
-5347
5653
-633
864
-2459
9784
6617
-4761
-1368
-2615
-5956
-4894
7483
4714
-9751
116
7676
-7282
1354
-8204
3705
4198
-2815
53
-6826
-9233
338
3612
-6076
6184
-1127
-2124
-4159
-6965
-7425
-6315
-4431
-8388
9827
-9244
4425
9900
4997
-2373
-3460
9725
3114
-5782
5634
-6357
6506
-8363
9886
-7567
4425
6572
-7742
-648
6958
2849
-1847
-1464
9442
3237
3331
9480
3260
-7152
-1628
-1843
7795
8159
8410
-3689
-8896
-5639
2394
-355
-7549
3935
-6940
-5875
3589
-7827
5117
-6259
3523
-9668
-7264
-1319
8184
-4554
-7085
8102
-4754
-9358
8480
-6486
-3610
2556
4023
-1098
7272
1032
-4267
2985
4033
-2893
5504
-753
7324
-2991
5886
-31
2293
-8496
-2222
-5371
-6483
-4462
8147
323
2077
4984
4611
686
-5563
1562
-2700
3412
8390
3063
2864
9366
-9696
-6404
-5116
3599
9993
-665
1875
8383
-1506
756
4428
-7607
9765
-7051
-2833
7209
3981
-8228
6245
9369
-6818
-4342
7109
3527
-181
8962
981
7776
8997
-7287
8839
4877
-5740
8647
-7841
7508
9462
-2284
3608
4952
619
1477
-161
6079
-3479
-4280
2683
-1925
-7555
-7471
-6521
8016
3565
9939
2216
-6977
-155
9072
-3429
9734
-7743
1084
-1462
-8500
6141
5939
-7857
-5489
-4666
6891
916
-7222
7391
5803
-4779
-6952
-8757
-8103
-7479
-4466
2378
-528
-2450
2966
-1947
-3516
5444
7818
971
601
-1162
-9409
-3728
-39
-487
-28
-9806
-7622
6953
5150
-3593
-2465
-9384
-703
-4397
-3643
-3201
3238
-1007
-5269
7907
4278
6700
2335
-1635
2773
4175
5756
-5039
542
8923
-8288
-4566
6632
8442
4445
-6880
-7627
1708
69
-3129
-8659
-3412
2811
-477
-7422
-4996
-8600
2252
-2930
-709
-7673
3418
5129
-6391
-2396
-1525
9130
-9198
-5281
-6114
-8303
-421
-4055
8305
4961
8425
6711
1436
6517
162
3879
-9691
7110
-5757
4713
5389
7967
-2977
153
-3621
6697
-3419
8256
7769
-608
498
9347
-8408
-4438
-7123
2938
9778
4262
9060
1265
3710
4286
-7084
-307
-3474
4605
1586
7828
-1723
-871
-4112
1668
-5310
7363
8468
-1092
-8164
1686
-6409
-3511
-6757
-2279
8995
6383
-7827
3243
-2568
5180
-6356
2325
-5923
1661
6681
-5411
9
6521
-8263
-5993
7610
-3304
-9910
1725
5694
5790
-7591
-805
-8218
-1787
-3104
6029
-4230
-7264
9048
-3752
4438
2302
4565
289
365
-9930
-8125
-5244
-3868
3637
7213
3082
1203
-4859
-9773
5005
5180
9831
-3904
-6464
-2407
-7780
-8266
-9965
-9810
-9123
9218
1395
2726
-1796
7769
5455
-6172
9135
-7806
9887
3815
1901
3275
-7086
-8989
3585
6632
7971
-626
1860
844
2139
-7814
6093
-1194
-3873
5436
3104
-2094
1051
-9175
-5784
-8954
-3929
9386
3874
227
6731
-1432
2367
4819
-9408
836
3096
8854
2274
8297
4585
-5779
3547
21
-2243
-5264
7706
7304
7265
-1633
-531
-2403
9175
8559
6313
-6839
1975
-6566
-8402
-5651
-6050
-7096
-8081
7712
3078
-1832
-1891
2825
-4642
3109
4125
4159
395
-8871
5858
2985
-530
1569
-590
-8706
3014
-1642
-7208
7284
7436
-6975
-1835
2177
9493
3582
6280
4211
-3
-8936
-1725
-5185
2095
2154
-7680
-8073
-9269
-7929
-801
2
8360
1844
-3817
-9558
-917
-621
-7154
3293
-421
-7787
-8090
7594
-3305
3813
6889
-9800
-331
7258
9322
-4723
7863
-536
-1185
361
-1733
-8286
-4233
-554
-6879
7548
4257
9127
8455
-968
8609
6198
7269
-9921
-2366
-8461
631
8540
-7032
-9204
-5066
1689
4268
4849
-2848
6912
4048
-2839
9905
-5831
-1256
9727
9673
-4138
-7981
2981
7252
-4747
-7093
7432
370
-8145
5736
-7374
-7268
5947
-610
-9388
-6772
2421
2434
-4555
6627
5285
3766
7396
3134
8291
-4451
2230
285
-8178
6032
4924
-7406
685
3407
-9019
590
7720
1709
9973
2503
-3741
2390
8344
8203
3233
-3116
6324
-4785
-2422
5884
8171
-9706
-3115
-6043
-736
-5529
-1198
2461
-2878
-4116
-418
-4799
6670
-2869
-6114
-7414
-2333
1904
-358
-4723
1625
-5084
-6377
3125
-1288
-4037
-9156
-4857
-351
2706
921
-2541
-1391
6859
-8245
-7152
-2343
8637
-3919
-4199
6551
8772
-3632
-7831
-2169
-8363
2168
6338
-9754
-7743
-7619
-9571
-8558
-4794
2338
-7173
877
4330
2760
-156
-4652
-780
-6623
-4818
1804
-7626
-5979
5607
5378
65
4673
-2820
8813
-393
164
2261
9131
3750
7923
9438
2015
-5141
6652
-205
7692
-8821
-9511
3880
8930
6104
5604
-9988
-2294
690
9551
6245
-6180
-9033
458
4421
7520
9978
-8006
-1469
-8781
8028
4052
-5450
-3119
4611
-5983
-1990
3779
-9604
8412
4967
-2616
-1469
109
-5804
-371
8299
-1451
-1656
-6108
405
-8274
7209
-3507
9538
-9242
-1714
-4888
7916
-7698
1045
-8255
-3272
-311
5546
-6306
6758
-807
-3207
-440
5427
-4204
-607
8543
7866
-3945
-3736
2505
-5187
-8696
5858
9058
5125
630
-2847
-8122
-6790
2957
644
765
-3586
6458
-8585
1685
-7002
465
4844
-1995
9679
-6888
-9066
3281
9765
840
-1393
9701
-6830
8406
5401
8579
8709
-6411
5255
3238
4338
4251
-6906
-6193
1872
1285
5025
4621
-1317
6484
-4071
7088
7589
-9367
6502
1660
6757
-8514
-737
6214
-5937
3773
-9601
-7754
-84
-8624
3956
8506
-5816
5191
3882
-9340
8961
-7546
1833
5125
7560
1669
6589
9759
-4537
8274
2548
3813
2915
438
3058
-7299
7246
-1849
-7434
-4273
-1849
-7183
1308
-6734
3042
7843
4576
-3366
2291
9788
-2971
7996
-6196
-2583
469
-9818
5459
8289
-6851
-6141
2641
5048
-7976
-4942
4473
2389
3954
9669
-1334
-7344
1445
-6664
-2141
3627
4221
9992
-8132
6200
-9901
-3110
-5219
3769
-6308
1784
-2279
-5876
6763
-3889
6819
7068
9903
3648
8395
2700
9717
7920
89
5240
-9879
-4992
-8373
3118
-4610
-9458
1926
-7146
-8267
-7817
4260
-4229
-8245
-8003
-891
9916
-5797
-9494
4182
8015
2815
5971
-626
-5231
6093
2572
2004
319
1669
-9131
1824
-4065
-6117
157
-9440
3836
-668
-6802
-7831
88
7164
-4037
7721
4024
-7640
-4334
8669
6640
151
-849
-5904
8350
1754
5820
-8406
-3356
-4783
-4322
5024
1396
1950
3726
-949
6615
-4047
8255
8650
5381
354
9211
-7130
-8094
4363
-6503
-6904
-6698
-8468
8863
-4284
2565
-4531
-5112
2888
4783
8500
8021
3400
5247
-9597
-2232
9643
2104
-1518
8730
8370
-7791
-2686
3942
-9362
3759
2770
-371
-2291
8054
8593
-2188
3638
-1284
1416
4628
-7485
-3881
-8556
6280
60
6474
-4598
-8584
3032
1943
-6890
-9377
-9068
9016
-6686
2738
9744
4256
-4543
-5348
-1526
-3824
9949
-2924
-5403
-6867
-523
-9729
1336
-9062
-8954
-363
-2197
-4989
7723
-6123
5730
-7629
316
-6586
-5229
-5562
1707
4225
-1341
-3557
6115
-9615
-2219
2242
4062
3036
82
8284
-1680
9823
2544
1582
-7316
6502
4824
-5143
-594
6980
2514
-9278
7191
795
-256
8312
-4825
-8867
2768
-6152
4260
-3519
-8184
7636
8294
3921
9652
5613
5703
-8765
1727
-5131
-3574
-2946
1839
53
8666
806
1997
434
-276
-7308
-6952
-8655
-8247
-8331
6303
-1395
8990
-518
6232
8968
5703
9557
398
735
4499
-7523
6227
7610
7597
8376
8224
-8937
-3857
8043
6916
-4258
-9241
-2434
-4967
734
1478
4348
4961
-6542
1761
-5294
-3345
4037
-2900
-3701
-3893
515
-140
7721
3009
7660
7095
3626
-234
6782
-8479
-8084
8099
-1539
6259
-7297
9359
8357
-7839
-3007
4949
-4845
2564
-5227
1384
5678
-3179
1088
5885
-5793
-4206
-359
-1283
8535
1819
-300
-7144
746
-2852
7393
-8891
-64
-4966
8666
-85
4023
-31
5841
5604
-602
-4850
3797
-6004
-3817
-5309
1359
-3431
2907
-2949
-9029
8798
4941
2282
-4246
-581
-2126
-7479
-203
-3732
1117
1254
9454
9854
4462
5313
5147
-1869
-6802
8963
-3635
86
-7824
7159
-1616
6947
-1778
9220
-4287
-7007
981
-3806
-6548
-6203
-9207
5991
-6719
220
-9293
1435
-2482
-1902
6622
8634
5973
-228
9691
-7923
160
1139
-8088
-4841
-7757
-2186
-5150
-8336
7153
9040
-6531
6300
-3341
6353
-9147
4103
4072
7958
-2203
7483
-6050
-6722
-8570
-4384
-7725
1299
2626
7872
-6306
-2808
-9829
-8182
5316
-6701
4232
7216
-5631
-9048
-678
7763
9575
3716
9625
5219
5718
-2930
-2976
5291
-1160
7395
-7492
-6626
-9124
4981
7995
-3251
2671
1789
4049
3947
4565
-8306
-7877
-640
-9073
-1460
8357
-6843
-946
8774
8901
8486
-9188
4634
-233
2521
-6398
5771
8783
-8678
-4245
-8026
-751
1285
-9507
-3108
2624
9896
9610
-9714
-140
5821
9643
-5337
4300
-2040
1988
-508
8998
581
636
-4602
-1075
8961
8499
436
4950
184
138
2272
3057
8229
4481
2483
-8868
9435
-4154
6512
156
6926
5820
-6370
1675
7397
-3128
-3891
6635
-252
3201
7978
-6876
-865
7383
-861
7056
-6671
-2554
-9189
-6904
-1553
-8866
-7865
-8908
-502
-5192
614
-4993
674
-6134
7763
8020
116
-6007
-3419
-5081
5651
-2448
-9196
2125
5615
9274
-9343
4411
-7945
4139
-2902
-6107
-248
3972
-2627
-1539
-1632
-9264
-8660
-2308
6418
-9958
-677
4907
6352
9245
1617
4835
3393
-2092
-1523
-7400
-2751
1876
-8491
1608
4893
-7599
-5279
-9634
8128
2405
-8901
1704
955
4674
6464
-1287
-9221
-6383
-9270
-8256
-861
8355
9110
8908
3759
7789
5929
-6070
7168
-6169
-3438
7518
4247
-3508
7315
-6588
2854
1922
1503
2312
6259
-1376
9184
8329
5386
4946
-2187
-2877
2651
3423
5166
-7770
844
-5110
1283
3617
-8919
2966
-3074
-7475
39
9735
4844
8671
2334
-2774
-7110
8446
6777
2434
7836
4896
7834
9417
4936
-1233
5941
8552
3327
1133
5100
-3678
-817
939
-9739
5877
2501
5088
7474
-7355
9732
9166
9294
3765
-3350
1182
2268
-3797
-7427
-6755
2784
-6433
8551
9195
-6083
-7912
-8267
-6254
1332
5810
-2881
-471
-2654
-1500
-9405
-2345
-6032
-8796
-9656
-8431
3902
7755
-6524
-7016
-4010
9615
-7412
3414
1793
-2751
-3106
-6556
1393
9425
-6793
-7760
-7867
-5530
10
5176
8388
-6874
4120
-125
-6652
9002
-9991
6425
7509
61
8611
9017
-4716
-8833
-7407
2212
1867
5476
921
6304
-6636
8894
-9951
6036
812
2800
2775
4357
8133
1118
-2490
6844
-5242
754
-4368
-9655
-9671
7048
-2963
-1361
-7029
5999
-2121
-2262
-3300
-1506
-1070
1057
5274
-6629
-1846
-795
-1210
-6162
-1113
-7931
-7275
-5387
-3059
9817
-1838
8784
-7715
5299
2120
5560
-4696
9099
5939
4819
4605
-7414
7819
5354
4072
-7111
-3981
-3495
-9933
6477
-4727
6144
-9012
3349
-4766
-1018
9719
8619
-4596
-1771
-2955
7961
1745
-6223
6763
2435
-7074
-6308
6109
8557
8032
-9135
8321
-1900
-6128
-5381
352
7122
6348
-9814
-2121
340
7107
5624
8358
-315
-6437
-2769
-8922
1911
908
-7587
9791
9150
-8517
1386
-6844
-4082
-2025
-595
7079
1825
7062
-909
7228
-4244
-2857
-5489
-8647
-2322
3035
7677
-9234
-682
4083
-2773
-1335
-4757
-1681
219
4753
-3528
-7357
-7619
-3629
1630
-9152
-4760
8375
9947
9918
-3821
-8176
2435
8620
8260
3213
9140
-8117
-7696
5214
-1458
-7878
-1062
-7942
8334
2903
-2135
8783
3400
-2140
-6736
3355
-7490
-6545
5307
-4656
-3029
3547
589
3834
-5226
6201
-3769
5353
4792
-3232
6563
-2027
5154
7422
-1685
4096
-1342
6844
-3191
-5675
9529
-7382
-9384
5290
-8676
9901
9955
1563
-2099
-6207
7141
1071
-1684
7722
4289
-9874
1982
-2357
4861
2074
175
5801
3355
2672
-5871
-3097
-8553
7264
9102
282
9010
-719
2200
8079
7294
2576
-5544
-8617
-2330
3753
-4272
-8742
2622
5390
-1246
9596
7678
-273
-4639
-5260
-8494
-2332
-7552
831
-7373
-680
9276
-6461
8608
-907
-652
8593
7824
8166
-1923
6468
-411
-525
5211
6362
-8434
4488
3643
5867
-5836
2768
1472
5881
-6105
6379
-655
5517
784
7035
2647
-7227
-6275
7766
-1267
9645
-3304
-4507
-3054
1517
6208
8130
7146
-8276
2637
-9596
9101
9648
8955
8652
4051
3673
7965
5505
9426
9681
-4966
-2971
9803
9810
-7913
8372
-7800
5021
5900
1255
6244
-5339
2089
-2932
1459
8951
1933
3745
-359
-9031
406
-4904
3395
-6634
4261
1136
1994
3391
4943
-2188
9113
-6629
4748
-2368
-2563
-8757
-5407
-5170
-968
-3360
6804
7691
4551
-1194
-5846
758
-8333
6081
-5758
5592
-5107
5421
7292
-4770
-4287
-5331
9952
-6712
-2925
-9172
-8761
-5402
914
3300
-4518
-3113
1951
-6232
3895
9397
-480
-9019
-2809
4608
877
3369
-3766
-6522
-3807
4810
6380
6378
-7518
3455
-5149
7322
-4750
3643
-9059
-1590
172
1347
-4945
8583
4487
-9836
271
8351
-1320
6624
7369
1979
-1233
-8171
7408
-3166
-609
-4841
-1653
3933
7230
-8810
-1326
5696
243
5628
-4093
3743
-338
4250
-7641
356
-4725
-6537
-8263
1896
-2974
9476
-8975
5668
-5425
-5625
9993
-467
-5954
54
-1046
876
-9543
1558
-4578
587
5942
-8678
6084
1018
-4746
-5443
2863
2578
6610
-2097
2971
5603
8327
-1741
-4378
4358
-3538
-4356
9566
-4307
-6615
-4465
2814
6029
9378
8889
1844
-7802
-1777
1707
-9075
4943
-6109
7551
-9214
851
9871
-2835
-5326
-5538
6535
8208
-7412
6398
-5483
-6429
6656
-9340
5803
6092
593
8528
-1424
-6281
7536
-7864
-922
-9339
4696
-3271
-7913
-2139
-9131
9494
8228
-3991
-5594
6919
-9237
-7335
2424
-4870
5631
-6445
-1533
4672
-1194
-6981
-3369
3683
-6583
-7579
-2031
-2226
5619
8524
99
-8808
7515
9661
-6937
-3413
6911
-9308
-5778
-5934
-5332
-3823
-1773
-3819
6362
7771
-6840
9031
6476
-8481
9741
4517
-7332
-5041
2980
-7520
220
3333
-9643
6704
-5358
2629
4071
450
-8838
-281
5317
-5799
-5330
6759
-4563
-5434
7693
-7729
3263
-2450
-5621
-2497
-5156
-6594
-7536
-2119
7060
-417
-3901
-3678
8499
-9558
-2679
8751
-8763
7702
1489
7645
7077
-9953
2635
-7734
-4008
5076
-1397
8305
1087
-5423
2793
-3340
2962
2894
-315
4002
4942
-355
-1740
-1915
6555
1556
9107
5573
2934
406
9326
1294
-1504
5944
-3172
-2683
5445
3102
2207
-7515
74
3801
6205
1652
5299
-5092
4280
4526
-6097
2049
-3450
-6321
-3072
2717
-7077
4422
-2944
1193
-9349
-7554
-4872
424
-1362
2929
-9512
-3524
-6444
6111
-530
127
-3450
252
-2728
1777
-8022
5579
6929
-4637
2886
-875
5290
2106
1546
-8408
1936
-6281
1488
-7899
3488
-2113
3815
5548
9739
5763
-1935
6874
-2992
-1705
2728
7009
5776
4803
-6715
-4058
-8245
-121
2957
-7093
-8389
3951
-9036
8963
3970
-1762
2873
-6616
-7845
-3031
3555
-2547
9502
715
-3298
6676
-8357
2903
9340
-1342
3279
9096
-5531
-1204
-4220
5552
5106
-7312
-4645
904
-1254
-6207
18
7956
-6168
2413
-5084
313
-8583
-4698
998
2894
-6189
-5294
-1502
-6010
-2997
-3607
9969
-1161
-4540
7876
-2963
2588
1195
9157
4466
-9627
-9929
-6157
1233
-8943
4147
8797
326
-5942
3101
7092
-3545
-6421
5707
-3742
7925
-61
-3738
376
6374
878
-9650
7830
-7014
6146
2452
9620
7941
1084
-2464
-1005
9812
-6642
4063
7244
1703
-2304
7202
-3104
269
-1985
-1645
-1268
7201
-9666
897
-6096
5549
-7591
6209
8201
-1918
-9991
5843
-9752
-6253
-5874
-2869
6906
658
9449
-7575
7488
2453
-6146
-8990
6465
4529
9623
2396
-5583
3216
5857
-9502
-6586
-5668
1820
2364
6517
-21
-7356
-6710
7304
346
-815
644
5585
9700
-9853
-3091
-6333
9622
-9852
5456
320
-9583
9095
-8107
-5558
-6822
4828
4159
-2353
1267
4786
2031
9803
-1366
3454
100
-3541
-8882
5429
5138
3577
3586
7261
5994
-8728
8348
5857
-6134
9784
-6346
3651
3447
4504
-5787
-6298
9958
1649
-4719
3093
9976
707
6069
-2643
2901
-3127
688
4149
5615
-5743
-7903
-5634
3058
1662
-7486
-3838
-36
-1806
-2887
-9504
4806
7732
-3507
-512
6315
9751
-7781
5326
-5572
9109
-2693
-3934
1489
1683
-3153
-7853
6131
1974
-5315
-7577
-1142
-5545
9943
-2861
6888
3050
9628
-9095
-945
3237
9093
9412
-2775
-9280
3812
-5093
-2873
-208
5630
9930
-1895
8992
7542
3616
9325
-822
6342
-3036
5692
9897
7668
-2177
-4855
-6236
-9155
4736
5362
-6202
-5876
-6583
-9256
2125
2770
-1527
-3177
-2250
-1608
3525
-9259
3567
5843
-955
3967
6205
468
-5883
-2136
9093
5980
-3771
1246
107
-9697
3043
-6725
4938
-8437
-3598
-902
-5715
4537
1664
6564
4932
7816
1165
913
6431
5453
2785
-971
5434
-8737
3931
7496
-7055
-8700
-636
7732
-133
6864
4663
709
933
-7730
-6573
-5253
1583
1354
-6791
300
-5452
9263
-8308
-7595
9389
106
-3594
7118
6962
9376
9050
-5059
8854
926
-6728
-2963
1660
-3497
-5515
-4567
5279
7377
-3799
-2297
9257
-6188
-5629
-3613
5553
-9887
7449
-7474
4216
3562
-8039
-4174
6150
-4099
7880
-9995
-6311
-5056
5804
-377
-4092
3456
8386
181
-5389
-2523
-5025
-4648
7628
5252
5285
-1505
-6494
-5889
7626
-691
5331
9173
-3547
9767
-3050
-566
508
-6154
5403
6506
7926
-3293
7484
-1072
-9192
1138
3489
9043
429
-2224
2585
-4749
1223
2175
4191
6708
244
5648
-7923
8794
-7553
1750
4335
-9891
7313
-8785
-8301
9696
-9727
2707
4486
-1174
-7687
235
-5850
6325
6161
4487
-8676
1993
-1185
4251
-5305
2852
-4566
-2494
-3507
-8525
4948
-6062
2375
-5373
-4724
479
8563
-7817
4756
8880
4140
1873
-5615
192
-6106
4308
2039
-451
2441
1875
-4514
-5511
4944
7290
5601
-3866
475
4420
7372
-6679
-7584
4338
-6790
-7625
6480
3402
-641
-7048
-6136
-9910
4569
7583
-4359
1117
-7051
-7767
378
-486
-2755
-6473
2252
-2101
-2046
-4047
-2734
-4641
2984
-7491
2200
-408
5454
4954
3894
4820
2940
6677
5473
-7650
-459
1312
-3193
-7911
1186
2217
-7923
-5995
9100
-5408
-9136
111
-8119
8934
3136
3570
7297
103
9933
5484
398
2711
1530
-8576
2030
9315
-8016
371
-9814
-8051
-8713
-8681
-7737
1592
7153
-4939
1718
5637
-8419
-413
-4815
-3204
-5288
-7289
-9319
-2739
1154
4279
-2904
2468
-3521
6287
5683
1712
2093
4247
5599
9159
7574
-3067
1960
4280
-3663
4687
-1901
5371
186
-286
4071
1491
884
-8295
4969
-4016
-3703
1964
2662
-2675
8344
-9687
6764
6613
7501
-883
-1889
-1668
-4965
-8755
-6542
8380
2803
8813
-6770
5589
9702
5059
-9935
2391
6877
5502
3817
-1872
8156
7821
7811
-7964
2883
-3840
7595
2640
663
-1176
-705
-9703
-5258
-6835
-6400
-7092
5717
8645
5220
8200
-7246
1425
151
5380
-12
2521
5998
-3353
-87
-9964
7141
3540
-6216
2259
-5827
-9240
-1654
-5646
-8000
7508
8673
4638
9384
7073
1409
-5331
6566
-2324
288
7745
-264
6441
7283
4200
-9170
5491
-333
-88
2193
-9577
7518
5118
-9078
401
-915
5611
1790
-1801
9905
8644
-7054
2594
8054
-3934
-882
-5885
-8839
-4319
5923
-5918
-8011
-8942
-7124
618
6506
-2477
-445
-6300
-7671
3353
9440
-7156
-6608
-7227
959
-273
8173
-3712
-4937
9354
-4913
-5192
7882
8967
1121
-2077
-9889
-6851
-1188
1226
-3210
-7932
3181
-8745
-1659
2214
-463
9387
-2745
-3675
3625
7367
398
349
1906
3929
8324
-8532
-832
1913
3231
5179
-856
7818
-3273
-8417
516
4313
6276
-3723
-4881
-3295
-86
8444
5855
4044
3993
-7960
5798
-8635
-8873
-6734
7334
-3305
8798
7275
-2294
-7081
-9181
8383
-3619
6403
-4423
7537
1528
-2678
2312
-3757
-5981
-8050
4894
7755
7687
-5975
-7811
8343
-483
3605
-6867
-5877
5999
-5058
8427
-8912
-889
8345
-647
-3234
-1032
-7751
-9415
9687
4310
5765
381
-9846
-4739
-39
7057
-6021
-7999
-283
-4879
2076
4559
-1201
6524
8288
9106
4769
-5491
8997
-8738
-9267
-1936
7408
8997
-2779
5682
-9399
-4086
-8090
-3504
1697
-3953
5323
-138
-5516
-7828
-6510
5474
-7002
-9443
2572
-8305
9391
6036
2385
7268
-8950
2908
6924
-5865
-7068
7936
-1081
-6377
-641
5940
9840
-2030
-4891
-974
6025
2139
-3510
5570
-8962
-10000
-3488
-5560
-8068
1857
5576
-3063
-1637
6667
-7779
-3209
-3327
7633
-4556
-8644
4610
-4683
-7938
7664
3338
1781
9830
1648
-6470
5821
-7937
-6741
-1267
3486
-3477
-2290
-9265
-8923
8165
1614
-13
-7958
8893
7389
2237
-3806
-6439
5768
95
6790
8659
2464
1995
2476
8223
-5447
-5354
-8109
-2185
7747
3759
-84
2221
9232
6134
754
1761
-6593
-6358
3072
3692
-5771
1968
-7607
-629
4393
-9001
-9828
-795
-1059
-3835
1381
-2245
4733
9529
-1374
-6584
-5664
3376
-7374
4343
-2460
3118
5313
-2478
357
3105
8265
2025
-2528
8829
-3066
-1520
-2341
5812
4590
-6126
-776
-7657
-5502
4835
-9289
-407
-173
-8747
-4244
-5937
-1163
-5447
-3717
2527
-5653
7921
3651
-3754
-9801
-970
-8468
-8796
-1216
2709
5875
5869
8747
2582
-5681
-8330
169
5218
7392
-3458
-6346
5373
194
9505
-4593
-2657
152
3644
9299
2545
3083
-6101
-947
-9278
-8154
-8573
8082
-4776
-9815
4163
9646
4799
1660
1736
-6286
1699
-5114
-2425
5311
6249
-3305
3942
8812
484
5708
4121
3741
-7278
-8529
5776
8147
174
-9815
577
-4703
-6769
5523
1124
6968
8727
9942
5741
-361
-758
3646
-7967
-9891
1354
-9658
4617
5385
4115
1614
7214
4785
-5597
-4874
-4504
9417
-9558
9546
-2059
-6986
1483
-8890
-8027
-2256
-4364
6582
54
-3980
9329
693
-268
6481
3029
-9680
-9829
5639
3849
-8180
-9387
-6235
-4921
214
-1613
-8446
4223
-9020
1079
-9169
2711
-8526
-9196
-8237
6403
-1213
2620
2660
3286
-4247
-51
-1958
4796
-8804
-4565
-5180
-8702
1430
-8211
3752
-1075
-5849
9775
3611
-9063
3530
9659
-6809
1737
5622
5609
9610
698
628
-2604
2310
4489
-1597
-8145
3860
-5865
-9905
-5449
-1349
1372
-2141
-8502
-3353
9035
4593
6738
811
-7218
8153
5808
5458
-8478
-7318
9416
-7120
934
-1089
-8010
1781
-4728
378
6301
1694
-2960
-5604
4231
2237
-9722
-2777
-7310
-2518
4696
-1001
1029
-794
-5990
-3465
-9282
-8773
3093
-5350
-7723
-308
-3994
1095
6734
3129
-5310
-2187
8472
-4942
-4592
1199
1932
-8104
