-7126
9085
-7084
-7985
-5619
-513
-9917
-7527
2298
-1059
5872
8343
8283
5077
-130
-6578
5525
5837
-8443
-7455
-5988
924
7658
-2939
-1371
2443
-234
-1894
6593
6673
6218
9972
5738
-2348
2300
-9967
-7676
-8405
-6840
-8445
-6953
4043
9073
1325
5465
1536
-4029
-2856
-3738
952
-4730
-695
-8217
2752
-7090
-8080
5870
-6641
9562
7929
-2266
9252
-527
3215
832
9191
-9016
-6665
-9697
-3560
431
-5249
3122
2746
3064
6406
-5980
-3274
6953
-1687
7028
2336
-9477
-2594
-4216
1487
741
9162
-3026
-588
-8136
1777
9344
8891
-1656
-806
9352
-7503
-631
-4651
-2327
7849
-7014
-8080
-3818
7598
6944
4006
-198
-7032
2450
9031
980
3545
-1259
-9108
-3588
-6572
-714
-3517
512
1337
4735
-2593
1897
-9657
-3313
-1748
5030
164
-8908
-9142
5111
6133
-2688
-6947
2380
4227
8407
-1311
-1729
8542
7814
-8421
644
1602
6335
-3572
-987
-5164
-8513
8036
1452
-9400
-9753
9967
7478
-8526
5726
-9506
-4598
-3044
4472
7884
-4961
-3333
-5775
-737
3865
-1561
3861
7282
8367
8838
-9097
-5940
805
7309
-5562
3584
-9361
-6241
-6746
-4301
537
5639
-9507
-7963
4824
8396
68
4820
-3710
2671
6239
4155
-1165
-3134
4092
-6968
-1873
-6898
-5815
-8172
-6030
6879
1858
6234
6014
6489
8699
1402
9810
9400
1190
-2772
9019
-3049
9955
2753
-6418
4551
-5235
2631
2358
9673
-4708
936
2905
-8950
-9241
-2894
-3518
-2537
-8643
8127
178
4810
-3000
266
-6273
-1932
5586
2904
-1082
-8235
-4090
5038
8388
5876
247
-6250
7583
5286
-3934
8459
-2802
-3237
8068
9175
-541
4248
5558
-2874
4709
4454
-4160
1822
7545
551
-7059
4500
2376
-4771
-1841
-8582
7536
-5936
-2672
-4883
-6431
-5185
-8517
9892
5255
-1041
2592
-8423
514
-2570
-8849
-1009
8560
-978
-9577
-8751
6971
9132
-975
-2729
742
2473
237
9681
6779
7866
-8797
1683
9022
-1415
-7603
-8983
-5086
-8943
-6941
-229
-7723
5408
4670
680
-6241
-8971
-4744
-3213
1588
7313
-4613
-8861
-4326
3814
-8879
-6821
-8645
2434
7025
-954
9433
-8620
-4457
98
-3781
-9263
-1979
5261
8478
-5926
-8671
2670
3092
-5519
6594
9096
-762
5574
-6339
2851
3069
-7422
3856
1499
7744
-5022
116
-9981
5456
-3548
-6140
6566
-8732
5595
4726
3558
-9504
6406
9244
-8457
1109
-569
939
5111
-6243
252
-1346
5627
-187
4411
-7516
-2434
-2022
-885
1380
254
2116
3030
1639
-6714
-2481
-3445
5571
6199
-9366
9682
3619
-1741
-9256
1291
5341
1167
3319
8416
-809
3147
3855
-5354
-6993
-3125
-624
-7614
4581
-6880
-4537
-3963
9777
-5756
-7251
5665
-8073
9498
3022
-9343
4296
-1137
-6365
2694
9773
9714
2872
4475
4559
-7912
-2163
-5828
9219
-8917
5089
-3701
1787
1923
-946
2090
2872
8649
1999
3650
1907
9499
-4622
-3993
8700
4328
-7136
9052
-4355
8492
5617
-9261
-6942
2243
7813
3538
3440
1317
-4540
2016
-6716
-1437
-7878
-9359
8808
2828
424
-9166
1558
-2867
-948
-8864
-8143
-9515
9159
-8591
6818
-2278
4560
6239
3334
6445
-10000
7084
-6392
7697
2415
-3667
245
1670
5935
-5609
-1640
6794
-5200
6138
-6979
7437
