-6700
7756
-1211
-721
5443
3224
-3534
-6813
1707
4879
-7592
-1609
4107
7019
-116
4148
-9884
-2701
-4291
4373
5452
-598
-5468
-3479
9630
9859
-4349
-493
3575
8346
1608
-2557
5365
-5323
-313
2958
9278
-6168
-901
4830
8096
1224
-1170
-4749
-7113
2870
-686
6926
-1452
-2481
-5862
-9746
-8177
-7216
8319
2452
1244
8919
-973
8792
1008
-5376
-3859
156
2325
5401
-7308
-3036
-2930
-5264
514
8656
5574
8520
197
945
5857
468
2299
847
-3632
9663
-3988
4831
-9192
-2970
9312
9481
-7190
-8955
-3215
-456
-7369
8166
3293
7407
-7899
7334
2122
-7732
-2053
-2449
7349
-8626
6263
9016
9610
5555
-8664
9126
-7918
-872
2318
-8269
-2827
-4614
-9517
-277
-5278
-7435
1643
-4844
-7621
1321
-8945
-5968
-2500
4332
-5567
-4381
4874
-9637
-3041
-9769
-7019
5816
-8166
-3657
5100
4886
9224
189
-2248
6127
-3730
-8150
-2515
-8872
956
7471
-7281
-9347
2728
-8258
-1152
-3719
2540
-7828
-934
-5473
-1014
7857
-2771
-1636
299
5739
-9906
4727
7797
-7373
2914
8823
5718
-5514
-8084
-3631
-5201
-2948
-6546
-158
-9075
-3860
4973
6781
-2915
7340
-1778
-6249
3096
2844
6268
-2059
-6554
-5643
-6048
-5203
-7741
-9958
6048
146
7435
-5435
-3250
-6668
3072
825
8159
-9813
-8409
-2668
542
-9373
-7617
-4744
-9071
3744
2858
-4633
8164
4121
7761
-5334
-3140
-4216
2828
37
-6260
-3562
-4688
-6062
-1595
-8468
8362
-9350
535
-7380
-7371
-9282
9147
-9407
-8780
-67
106
2491
-9552
-9020
8366
-8641
9002
-4740
-6838
-178
-6688
-1100
-9442
-6699
-2118
-1331
-4687
8950
-66
6638
-9366
6946
-8245
4830
2906
-1636
-3907
-1812
-4545
2330
536
4142
-4977
8482
4292
-4498
5445
-1826
-8909
4602
-5876
-3535
-3574
5031
9328
-5233
7373
2107
2318
-9076
-3714
4217
1354
-3613
3161
5885
-1407
2593
2033
-8678
4306
-7697
9077
-75
4053
2923
4433
-6599
4912
-4129
-7490
5061
9351
5666
-5221
-3637
-8375
-1560
-7120
9863
-4243
8648
-55
2595
5767
-5793
2700
-2874
1207
-3151
-5256
-676
-3338
-4755
-976
-3800
-7794
-1257
-5314
-4700
-5992
2117
1347
-86
-8571
-1774
5009
6314
4576
-8301
7915
-4340
-4901
6712
-2379
-1923
1870
2795
-1159
3806
198
-7881
-4727
-1820
-2847
-6940
-8478
1112
8984
-8625
-7059
7017
5478
9487
-1854
-7257
-9255
-1446
-5632
3816
6267
-1349
-9494
-4655
-7182
2837
-3748
-7529
-9136
-4048
-1643
352
-2586
5327
7481
2167
8075
-1216
-3269
1370
484
-8051
2253
2903
-6912
1574
351
-6410
-7492
1327
3632
-7114
-6856
2793
-1327
-3773
-5033
-274
-8123
4167
-3938
-2175
1320
6180
2665
-244
6112
-2818
9450
3390
9939
-3830
-5575
-2480
1338
2011
-9458
6183
1450
-9885
7330
-3676
9023
-1868
3625
-7996
1565
-3876
584
4034
6125
1845
-570
8861
3638
2998
4564
5887
2647
-5333
-8020
179
-5918
7096
-5896
309
-7141
-257
9752
-618
7631
-8723
-3266
2678
8554
49
7277
6856
-1896
7690
-4427
-7703
-9978
8354
7099
9051
3290
3363
8868
-1674
940
-114
2318
-536
-4047
7605
1004
1210
-1558
7034
5112
-6826
1565
-4037
4050
-9144
8655
8456
6002
8799
2932
5841
-7449
286
-4196
8858
5298
-6110
6553
-4507
4153
-2131
-2469
-2776
6506
7385
9832
-603
4619
474
1240
-1646
3103
7222
-7001
-3611
4469
2790
5584
-3673
-9377
1728
9215
-3939
6886
-6587
-6033
-7467
-6034
-8923
-1129
2610
4216
1667
315
3328
1727
-1147
-505
5526
4270
-2533
8354
-4316
892
4505
2014
-1587
1604
8001
9084
-6868
614
-2025
6248
9520
7379
9322
5104
-1891
-4264
-835
4611
-8850
4298
-8810
-5593
2337
2406
-3229
-3579
7678
-3951
-5553
-4729
8131
-2322
3250
3438
-4022
-5566
4341
-5715
7831
-9528
-7211
-1547
-5715
3949
3130
-5726
-511
-3511
2139
-7077
6727
-8335
-2083
-1690
1697
3838
1087
-7088
-7147
-8790
-1680
2809
3767
8035
2511
1388
-4931
-8772
7622
1140
3920
256
-4731
-2286
5845
5483
9991
-2499
-9283
-4830
-6403
4553
4025
-6148
7140
-5128
1522
-1100
-1733
-1480
5334
488
1078
9408
-4654
3308
3449
3976
5474
8853
-4809
1262
9613
6463
5514
8442
-3747
3217
-3833
3614
-9982
-457
-6336
-1022
9107
-3844
5835
-9949
9879
-6320
-7309
8278
6141
-7523
8311
-6026
3177
8542
6706
6143
-1133
-4505
-2812
6309
-7857
-8816
-556
-2541
-9230
6591
4440
120
4191
-8962
-1857
9229
880
5083
9165
1749
-7184
1194
4776
-477
-4927
-7622
-9925
-6309
-7549
4079
9861
505
-7427
7233
3469
-3102
-6223
-6227
-7487
949
-401
6062
8823
-760
7599
-2202
-7324
-1411
-3602
-1774
9638
7720
9707
9919
3807
4655
-652
-1089
-1347
9330
-6007
-3181
681
-7110
-4073
-7916
2276
5295
4762
-7591
-9781
6158
7153
2108
9576
-7522
3765
-8979
-6044
-8453
9965
6042
7994
-3081
2202
-3225
3970
-7459
-1348
2050
-2212
7656
379
-7922
8706
3455
-1770
-4552
-5607
-4338
-8421
4809
8469
-7518
6749
717
-6799
2143
-358
-3226
8231
-6575
5119
-2292
1095
3427
911
-2503
9400
5976
-6699
5615
-6333
9271
-233
-6084
-4833
9352
138
-928
4492
-3380
460
-1771
-8217
2387
-5338
-6551
3727
-5540
-3215
-5025
-3139
-6297
-453
-290
-3009
-5083
-2053
2496
-6359
1037
1820
-5573
-1188
-41
3417
400
7992
4316
-2614
-4102
-9833
-6081
-4902
5909
-6923
6607
8574
-4322
-578
6745
-2185
5538
458
820
-4733
-8063
4591
-2140
-6771
256
-7941
8610
1235
1430
3582
-5490
5541
-7985
-5393
-8988
7699
-4163
-8738
-7730
-9983
-899
-6082
4600
-1307
4517
-4674
4007
-5979
3885
1713
-9789
-7183
-7412
7934
587
-8799
-2033
7030
5806
-9833
-6093
9592
7466
9191
-7482
5129
1538
2964
3508
7995
-6387
7399
6461
6420
-4539
5359
3752
-547
288
3068
744
9357
315
-8413
1424
8281
4162
-305
4011
3979
705
-8082
6015
-6706
-5245
-5081
6361
1646
2148
-1830
-2233
-7641
7237
2484
-2221
-6192
6632
-6725
-331
7852
-7375
2655
-4059
1171
7542
9341
5604
1354
-6720
-1243
7045
-3686
-3198
1085
2546
-1073
1183
4751
4949
-8249
2913
-1878
9907
8329
7674
-6643
-6121
5526
5534
4911
-1675
-8043
593
-1717
-443
1057
-5260
-6597
-6576
-3149
4884
-3835
114
-1040
-871
-7850
5568
-961
-4145
8262
-3243
-6310
1713
-6395
-6069
8248
-8916
-9801
-6226
1667
855
-8139
-6441
4232
6899
9841
-8261
8090
-327
8281
9907
-6996
-6054
5815
-6514
1280
4802
6428
-2298
-1808
-6188
-4090
-7234
-4278
2219
2965
-9522
2679
-2529
-6582
-1562
1017
7452
7944
-7450
-8706
3621
-3839
-3098
7523
-6837
-4064
-5295
-1038
3786
9035
5280
-6911
1287
4675
-8298
-1029
-7539
282
3468
-7085
2692
-1343
-6019
-2382
-1619
-3257
-500
5402
-7536
9187
-7853
8322
1731
-4271
995
-4493
5981
-5617
9888
4822
-8898
-3832
-7222
-122
6970
2460
8553
-9083
3295
-450
-529
2213
-3308
-1552
-5189
-9540
-3807
-8101
5717
-7009
-7557
2608
-1755
-1753
-6482
4828
-7895
4505
2055
-8968
-2504
-9636
-1278
7427
-2715
9448
237
9552
-7211
3910
-5189
7623
-4928
7702
4509
4360
4392
2507
-6811
-1222
-9061
9961
-897
4166
978
-9212
1457
-5011
5298
3135
-7078
453
1626
168
4403
9865
8911
-7441
-9257
-3660
4906
-5706
-5987
-6496
-6800
4304
-6595
582
-7385
8192
2127
-5438
-3851
-2753
4132
-270
-2329
2640
4219
6139
4167
6971
440
-3837
8981
7843
-1184
7039
-5874
2061
-6837
4900
9468
-2960
-9522
-3231
-7739
-4244
-5664
-9582
5234
-1249
-9454
3334
-1048
2370
-3391
-6001
-7950
3640
7830
-6406
-7607
-8056
7372
-2405
-2662
-4271
2617
9895
-9875
921
-252
1978
3930
-1383
-1512
4910
-8931
7153
-5049
4947
-6319
880
4148
-5499
2174
-4567
4774
-3034
6494
-308
-2563
-6134
4859
-8667
182
5041
3400
6553
5598
-1237
-3355
6811
5411
2574
-324
9347
4475
1973
990
-2528
5569
7381
-7213
6117
2383
-1673
-5093
5457
-93
-6836
1799
1409
-6533
8716
-1500
4858
5920
8901
-7084
7532
-2206
3308
6954
-1224
-4732
9599
3419
-7557
-3381
286
-97
9102
8831
-878
-5188
5848
252
-8167
-1714
8245
8525
-6276
6093
-3873
5844
-4485
6465
9989
-5729
-1369
-8980
-5171
-231
1148
-6146
-130
7991
-859
625
8445
392
-3078
4557
3117
6679
-3709
-1058
-4927
5271
-7658
-314
6465
8278
4236
-5579
-1794
-6498
-2408
-677
6720
-6252
-9387
-1177
6223
-459
9602
-7271
9094
-7082
2174
-8651
-4058
-2473
-1560
1011
-7624
-7085
8835
-2789
3994
-8204
9490
-5622
-8907
-8877
9070
60
5279
1441
2638
-876
1029
-8186
8529
4115
9871
-1745
-3437
7937
3255
1345
-1308
-1363
-8540
7755
-4177
1352
-399
6356
-659
7100
2777
-9820
-3564
4272
-362
-5899
-1123
-3539
-7265
-1519
5991
5403
-4064
-6037
-6263
-2060
9863
5840
-6322
833
-6885
3753
-9168
7921
7199
7281
-4423
2060
-520
8551
-1020
-7068
-9935
3564
-1484
-9558
1645
-7674
-6848
-6058
-3464
-1943
529
5591
8308
-4291
506
-5081
-5230
-1723
-6173
-66
3888
-5956
-9254
-9937
7758
4248
-1960
6006
-4821
-3832
8384
3176
-9738
-7444
3823
6601
-8774
-7498
-2850
-9293
-1566
8072
-7486
-8386
-8735
5836
1431
-9045
-8023
-3153
752
-4845
-4273
-71
-2267
-8202
-9109
-985
-6207
-4723
-3546
-2399
6341
4280
3729
-2480
3765
5219
-2916
-3914
1764
1733
-5983
6126
-3037
-2718
7239
8107
-9651
-2144
-8554
8831
-2701
5204
6104
-7299
-7251
4871
-8157
5174
3789
-3501
-7423
-2132
-12
-5683
1374
393
-6499
344
-3307
4004
-8432
-6913
8135
-4649
1524
-6392
-434
-3339
3680
9914
3326
905
-557
6575
3199
-2651
-3135
-4040
-8572
7144
-7706
-7820
6446
736
3392
-7540
1430
5596
-7000
5087
-8954
8743
5517
-9072
-3133
5895
9354
253
125
1669
-5527
-4530
-653
-3908
2907
-205
9343
3018
-2355
-4979
-4145
77
-5525
1054
-3138
-1227
-1999
6323
-8830
1265
-5943
-8390
80
-311
-1998
7651
2709
-4949
-9478
3586
-6386
-7686
-53
-1150
-2294
-6611
1008
8091
1732
-7352
-2063
-8488
-827
-2550
-8980
1632
8180
-2166
8545
5757
-7097
2305
-360
1022
-8010
-4236
9463
7944
2647
-4628
-8846
-8341
1379
4744
-2491
-8715
-3852
2547
-3645
-6728
-9517
6256
2327
7277
-2863
775
6889
-7356
-3115
-3440
283
7164
-1599
-141
-6930
-4065
1463
-1863
-3839
1832
-3270
1559
6007
-1068
7980
-8784
8877
-3536
-4821
-351
6887
-7822
6835
1339
-2085
-7604
5249
-3191
-9965
-965
-91
-2152
-4209
324
-5461
947
856
-6608
870
4915
443
9883
7615
2361
467
-5197
1018
5524
3939
-8117
5084
-3692
3481
-2733
-7583
-2171
-2971
-7085
-2451
8456
-5348
-3551
-1074
-359
5881
-5111
3366
-5833
-55
8938
-3586
-7542
-8205
-3746
7927
2282
6877
3969
-8645
-2477
-9769
-8040
-3743
-62
-2579
7027
-3525
4203
5525
1303
-6672
-5863
-4702
-3063
-2242
1299
-5859
-9029
535
2829
4984
-2807
1930
-1551
-4009
4130
-7890
-1551
-2533
84
-9806
-2313
-7364
-734
2807
8375
1828
-6927
4277
5807
9308
2706
7270
-8192
9313
1056
-9471
1851
364
-4613
-428
-9048
-6127
-8666
7046
8449
-6110
3975
6608
4516
8233
-7568
-1035
8609
-6394
-2138
-7749
-3219
-8754
2237
-2505
-9361
3761
5390
-1102
-6947
8201
9909
-4953
-8519
2428
1311
7946
4836
9340
5469
1201
-160
1266
-5997
3110
-3550
-5698
-8121
-9594
4084
1179
1180
-2999
9222
635
8177
-8419
6535
-710
7662
4336
4083
-9986
2484
879
4517
-4243
5932
-1758
3436
-4452
6599
3711
-398
-2862
2653
2875
-3220
-8300
2492
-5524
-9735
-6210
-2052
2562
-1680
-2157
5943
-5429
-6492
762
1445
-9219
-1569
1101
9857
-6243
-8996
6484
-1722
9847
-1533
-6481
-4655
-6568
-2037
7146
4605
-9779
9416
2567
5544
2667
-6396
-7880
-3633
-167
4815
-2645
-1903
-8479
-2377
-6434
7170
-6493
4312
-1185
2779
9861
-5637
-84
-1432
-1110
4947
-7537
1535
2025
9492
1947
-9352
9045
7491
-2403
1494
-104
3092
7560
2749
8490
-7486
9879
4865
9952
-5724
-9317
-3835
-6535
-2159
-5668
-9762
-7314
-495
4421
6485
-226
-1886
-7280
-8631
300
-7383
3614
9177
4722
-6876
-6394
-5440
-741
-5257
3980
219
4400
4503
1153
-4535
-6407
-5229
5296
-9813
5964
-9197
-6499
-8963
9255
-7646
3443
426
6038
9470
1034
2106
2342
7875
2375
3394
-7326
7293
-8678
-7774
9331
-2979
-7840
-7635
3543
-1895
1417
6447
-8928
1195
9524
-8086
6934
8715
6158
-9994
-18
800
-1734
-6461
8515
-3106
-2782
-7126
-5562
1346
1447
8500
-725
7642
6246
-5920
8502
-8985
-2129
517
8025
2155
8207
-3101
9842
-9298
-5680
-8812
-9388
-3572
-8961
-4875
8809
-2601
7243
-679
-4209
-1308
3564
-6755
7173
-2682
6263
-5562
-857
9500
8477
2783
1477
-7914
3723
8604
4865
-8367
-721
5760
-9482
756
2960
5077
-5100
-3925
6024
727
2210
-6976
-983
-2424
-5838
-4903
29
-8112
7000
1121
-1541
-6805
-1651
5807
-8388
4150
-3171
3948
-8850
8535
5743
-3509
-9486
-7253
-310
-7218
-3062
2547
-3780
-2991
-417
9780
9476
-4440
7301
3540
1308
-3180
2115
6086
5389
-2668
-9215
2206
2242
9806
-7063
6146
-6838
753
957
7019
-9090
-224
-2243
5442
2990
-4780
-2014
-2678
-1124
6631
6165
6353
-3745
-1333
6156
4645
-5556
-3306
1849
2719
-980
2602
5908
3767
9899
-7510
-1574
6630
-3881
-1727
2757
-7801
7812
46
-5926
2707
7185
-3799
-6938
-9587
1453
3583
-8997
-8996
-1428
9033
5323
1577
-1014
28
-5348
151
-5321
-2621
890
-2230
3169
3569
-134
4853
-382
-897
-8092
-4782
-376
9138
-895
-9875
-2578
6271
2831
-4690
-5155
-8372
9856
8033
-2064
-5823
7796
-5038
6829
-4899
-5540
-3138
-5872
-8933
-919
-1449
1731
-8572
-6924
5007
3929
9537
9759
7501
3475
1319
-1425
-4887
2223
220
6883
6815
5898
5157
-373
4762
-8237
7934
-5937
8071
-2545
1154
-4671
1580
-9919
-945
3105
-2620
7160
8739
-3062
897
6473
4447
-2169
-634
8865
-9194
3859
-3018
7673
-1603
-9959
5503
1606
-300
-9325
9328
512
-7762
-5947
-7290
725
329
8998
-526
471
1844
4518
3009
853
7724
-3621
-4673
7196
9007
-4472
6285
-7779
3326
-5691
-2045
7274
262
4322
1748
-497
8231
3586
-9244
1328
-3928
-691
3456
4995
5177
8843
-2970
9379
7099
2278
2534
-8170
318
6902
-1
-4503
-7654
-6003
7431
-778
-2781
-1914
8869
-4207
9463
1702
9880
9095
-1901
8662
-9436
5203
-518
2098
9934
1361
252
-4004
-617
-568
-9747
690
1664
3049
7599
-3865
-1196
7946
-8208
61
1562
-413
-7483
4114
7577
-7425
5561
6597
1237
2631
7713
2324
-8255
-3236
3493
-3808
-551
-5149
9364
6438
-3311
7729
-9170
-5408
-7393
5760
-7923
6617
7614
3930
-796
1807
-7023
-904
-1270
-610
9388
-557
-1804
-1748
-4611
8751
8577
-666
819
-9918
4847
-3345
5062
7805
8502
-77
3341
5562
2379
-209
7939
-3280
-1397
-3517
2796
9989
-743
-2301
5603
-5555
17
7636
4500
6244
-1207
-4980
-7930
-3964
-6610
-5892
8840
-5507
3292
-484
2071
3452
5179
7035
-337
-1824
6695
-4507
-1381
2740
-6436
-2946
-1343
5962
-6545
3611
6205
-4449
-8983
-5837
-9353
-7124
5235
4953
4573
2886
-9199
-9192
8757
9694
-2741
504
-4375
8687
-9152
-6175
-4173
-9124
7259
-8493
-9701
1562
-7769
9339
-8528
-9586
-3135
1923
8301
6244
-1639
5356
-9432
8766
-7694
-1408
-7469
-7193
-9340
-9964
2922
-6962
-8472
4457
8120
1869
7013
1120
-1265
-6513
6692
-3958
6787
6558
-1798
8642
-6900
-7917
-1471
-2232
-5641
7936
5602
-5229
-5613
1610
9946
2413
1353
2511
-8324
6624
-5128
6709
5057
5556
-6638
-7084
-578
3543
-3591
7555
6271
6820
8842
-6672
-3434
-8080
5489
6291
-8970
-1645
744
8640
-3234
-766
8403
3266
-1065
3456
5013
6996
-3124
-9720
649
5699
-420
9275
5633
7034
-8352
8844
7490
7043
990
2644
2276
8826
9530
-6949
-6513
50
2609
-5830
-6700
5288
-1946
5466
2786
-6871
-5022
5091
5218
212
2527
4266
-5141
-2722
8404
-3582
-4263
-5023
-9349
243
6400
-3194
2707
-4590
7300
1563
6910
3800
7389
-622
2426
2207
631
8950
6695
-1807
-5591
-6804
1255
2346
7997
-2401
-3145
-2074
9804
7965
-6828
5097
-414
435
-1071
8182
-4386
-372
4724
-339
9713
5136
-8771
-7413
-8180
73
2721
-5561
9854
8451
-1162
8214
6105
-4361
4854
-7660
5959
-2753
1898
-3257
-2905
-9643
6171
7462
-457
7395
-9381
-8698
-7936
8877
7586
-9668
-2860
-3475
3419
-1285
4950
204
-2951
-1255
583
-916
-2276
-5210
-5710
-6038
8263
-6352
5669
5740
7330
-6689
-6363
9817
5784
-6560
-7536
-7707
6576
3267
2538
783
-9429
2630
-1665
1177
2648
-2288
-1274
760
-7821
3586
-7571
-5611
3714
5097
6797
1531
-7609
1529
2758
172
5975
7199
-7593
4211
-7218
-86
8647
-2898
-7889
-8411
-7938
434
-6874
-1405
4298
-2833
-7998
-6155
-5950
2010
2526
7663
5358
1471
231
-1101
-2530
-6498
-9404
2757
5060
5735
543
9774
6280
-4987
-5024
6027
-8835
-9021
-8359
-7477
3046
8701
-2765
-1532
9154
1878
-7502
7909
3262
5959
5805
7393
-9397
7812
7024
5678
195
-5632
381
-897
6843
-2772
-4148
9516
-1457
-5881
6444
-2702
6740
7951
4852
2143
8723
1670
9192
8701
-8771
-6923
2952
3936
-4821
580
9935
7914
-2406
4385
-9941
-5699
6647
3095
9598
-6152
2015
-831
6766
-5995
-3977
5455
4613
6695
-7712
-9006
9259
-6757
-4035
5703
-1167
-3539
-8635
-8724
8040
-9067
-9198
1548
6290
-3373
3010
7334
-4545
-6785
-3359
-753
9457
7222
-4421
-2951
6381
2231
-6899
-7999
-8489
3258
-2110
8670
2296
-3194
-7475
9862
6737
-5800
578
-3503
-1070
-4505
967
-7403
1780
-1298
5796
649
-6094
2887
7339
-1335
-7896
4512
2943
3701
-8810
-4785
-23
3893
-6449
6550
-6750
5674
-3348
-8204
-6776
-5266
6741
8216
-2171
5355
4411
1598
-6939
7710
-816
-7958
-852
6281
7917
-3877
-564
7821
-4187
-9535
8839
-8524
4368
-9799
935
4749
-1898
7901
1804
4856
-4969
4263
7407
5853
-5503
-8335
4466
-1621
954
-9237
-8465
-6901
7754
-828
2453
-7164
3791
-6824
7378
-8477
750
3647
-1666
-4428
2605
6769
-9107
8748
-8380
8507
-5608
6421
-4878
9982
245
-5408
8569
3311
9226
7465
-3894
-466
-8879
-2588
6026
9583
7186
4012
-1124
-7299
-814
-9205
-7676
-7285
-6213
-9402
-3906
-5186
-1869
-8179
-9378
4975
-1115
-7717
-286
-4663
9519
2310
4382
-507
-6213
-8722
392
-1400
-1424
-8253
6555
-5172
-2246
208
-4727
1436
835
-2764
1817
4013
7504
9110
4252
-3476
2558
5427
-2533
7256
-3339
7775
6175
-7159
4610
-5281
98
9462
-6791
7691
-2407
-6401
-9186
678
8744
3471
-50
-4058
2202
-7540
8533
1941
89
5351
9312
886
-5571
4458
-8432
-1304
-395
2670
2142
-5525
5315
-4154
734
1976
8623
7499
768
7735
5725
-4849
1657
-644
-3401
7033
4098
2731
-1136
-5259
2011
-8887
2887
-965
-1602
-1694
8925
116
6820
8961
8419
199
-1619
3361
5349
-5588
3109
-5541
-220
2024
-6506
5344
6317
-2015
-2147
-3780
-8923
6913
4383
7874
-325
8140
-7849
-4220
1683
100
2381
-2433
-6634
8538
6895
7136
8613
-2745
1754
7362
7530
-9186
-1934
-2141
1285
-8161
3391
368
-1850
673
-770
9202
5471
4071
-1977
-5165
-226
9301
3923
-4216
-5
-8528
-6858
-9266
8708
2789
-2941
4074
505
-3809
-6794
7692
-8327
9666
6054
4343
4211
-3250
-3994
124
5873
-6547
-2492
-2050
-4447
-253
9242
-2821
4002
-807
-6977
-9076
-5981
-4162
9463
6746
8155
7309
2381
3583
-7151
5648
8840
5500
-1039
1973
-5308
-5765
7311
8678
7148
-6490
-1585
4922
7878
-9681
-3683
-2584
675
8342
-7495
8152
-7848
8135
7670
-8516
359
4964
-7017
-1116
495
-416
7328
-8080
1696
1982
4263
-9899
1815
4598
-472
6508
-1624
-3677
-2779
-4170
380
4643
-856
-1023
-9705
-2033
2603
-42
-6294
-5900
-4298
2393
94
5524
-488
9537
-7017
-6317
-8304
1076
-1434
-6584
-7943
-3635
-2176
-8749
631
8832
7918
7554
9330
8673
-9956
-1656
-973
-8132
-8327
7246
7712
-9342
-3932
380
5892
-9026
-4621
-9262
-7288
-99
-3109
-8235
-1423
-2649
3448
-8648
3390
7042
-9347
-1349
-5663
8306
7880
-6294
5896
-3413
-7977
-7701
-805
977
9984
2318
7815
-6850
-2725
-3311
2178
-4726
9530
-7378
-6936
-7582
-3057
4464
-2807
401
6546
-8686
5
-7948
7573
833
-2704
7041
-6029
-8926
3153
-506
-852
9694
5762
-8628
1667
2048
534
-4101
-6790
9178
5185
601
456
-5771
-3531
4756
8818
-7775
3192
-9824
5197
1206
3110
5997
5126
-3993
-4566
7743
7065
6473
-5901
-4792
8391
3823
7927
6007
-6027
3119
7976
8391
-7666
-4420
-6725
-9081
9490
-8056
342
6056
-3095
5805
8103
-1993
-5834
-9552
-370
-2831
-9875
8929
-9809
6237
-4177
-7058
-6361
-9919
-1963
-8046
3829
4501
1668
5419
317
-9928
4617
-4925
5803
3832
3331
4687
-7802
7956
1403
6709
-2637
-9478
4740
-4446
5975
-1581
8583
2889
3901
261
3357
-2022
-4067
-5263
1201
-4782
-8279
4707
9706
-6223
5934
7414
8231
6962
4580
4257
8252
-5157
-1844
27
6781
-7914
509
-8057
-6790
-639
10
-789
-2671
-3592
4177
-1613
7884
-8525
-2788
9404
960
-4713
5431
9913
495
805
-8651
-1927
-69
-4842
1821
-1650
7902
2784
9590
-4007
1786
8620
4913
4035
-1788
-1166
-3733
-6004
6314
3274
-8733
-6350
4895
-398
8596
714
-3954
2381
4729
9885
7528
217
5826
7241
-9827
-3700
-147
5042
6691
-6645
-4982
-1213
6402
9043
-7887
-6766
1500
-801
-4472
9644
-4127
-9664
2882
-7369
3432
-5306
-4979
9837
-5460
8066
-3273
-8513
-9755
-5924
-956
-7100
9266
-7275
4408
3215
-1264
6319
8635
2426
8550
-8429
5434
9913
6864
-3139
-7293
5799
-653
3864
1875
-3992
-1844
-6354
-1535
-6762
2066
6775
-8715
-3454
-7964
8157
6150
-5125
188
-4818
-3449
7902
3364
6166
2540
-1792
-2301
-5763
4165
7675
-6737
6685
273
-4789
2908
-843
-8104
-5110
5422
7421
-1876
4677
-9814
-4345
6157
-8018
-1426
-13
9555
-7626
-7187
3667
71
4244
-2111
1897
870
6867
-1757
-5242
7342
7901
9166
2603
5202
-1853
3618
6392
9055
-3667
-7815
8363
-2557
7266
7944
-9285
2968
-7467
-3711
-3145
-7557
8074
5315
1598
1209
-9610
4240
5756
6286
-9862
4122
-7819
316
-7
4630
7671
7521
4681
3554
-2274
4616
-4323
-280
166
449
-9503
4807
7663
-1509
-7029
-1919
7468
-8073
-2090
-9431
-7971
6118
-8524
-2963
-9251
-1552
-6359
3351
-426
-2873
3847
1841
8587
-3720
-2544
-9784
5905
5562
-114
-7762
3634
4862
1332
9788
-561
-3523
-9926
-5772
-112
7099
-9682
-3928
2473
-7797
-9488
-4118
6663
9239
9156
8921
4031
-1001
-8864
2463
-3296
-7411
-3523
2921
4801
1541
-7453
1612
-556
7844
700
9259
6323
-5229
289
441
-9691
5568
-1133
-5219
-7363
7880
-3046
5805
4666
-1390
5957
-5119
369
9838
-4755
-4385
5668
6585
7000
3071
9474
5457
9475
1056
-5717
1278
8298
-2659
6238
8686
1953
-4270
3187
-8016
-5088
-5883
3916
4969
-9937
3088
5547
7086
5189
4064
-7838
-5197
7619
9130
3697
338
9660
-5489
557
-2692
6588
-3848
8141
-8239
-2523
-9953
3687
-3491
1647
-3470
3544
1033
-9669
1870
5268
3252
6042
-4635
4421
-5939
-4515
5106
4364
2421
-5524
-8388
771
6941
780
9339
5589
-9370
5943
7385
-7917
5355
-9360
4136
7899
-4894
6205
-4890
8178
6930
4537
8112
-4916
9761
2428
9501
-4435
7504
-6889
9381
-7621
4116
6502
7622
4678
1019
7090
6083
-2355
7385
-9122
-9732
-1109
9090
-8043
-376
2878
-3240
2185
-4634
-4997
4328
678
6705
9911
1927
8299
7625
2252
8333
-3750
4480
-2340
-2143
6504
-7153
9690
-8663
-4528
-3040
2819
6929
-1252
-5953
1999
-5778
6000
8782
-841
2891
-4782
-9855
6179
7167
-9438
293
5749
7510
2558
-1673
6918
3434
-3528
6679
6711
-4008
9623
-3986
-1665
5514
-8491
1348
7991
-3693
-958
1381
-7561
-8732
9660
8460
-4525
6714
-7017
-5556
5497
-6418
-2780
-7591
2742
-5385
-6719
-8739
-8239
-5732
-8246
-4111
6307
3203
-2225
4163
-7556
5077
8137
9962
-2498
-301
7068
-498
-474
-158
767
6907
-1817
3862
5233
2103
4045
2568
-9050
3747
1042
-257
-149
-7199
-7438
-3722
-6166
338
5078
6626
7064
-9344
1867
199
7179
947
3299
-7430
6686
6334
87
-7433
4035
-6894
8038
7742
1578
-9471
5903
6933
93
-5454
8310
-9832
-1122
-2457
7211
-8454
-1364
3256
1602
5741
4521
-2637
-6533
-1431
696
436
-8830
-4599
6326
-3628
-1558
-8132
-397
-6936
-5399
-181
-2628
-1717
-4070
-7517
-7140
5156
9445
-50
-3103
6313
-1158
-2166
-2602
-7364
5387
107
-604
5559
-4955
1324
3333
-9885
-7018
-5178
7222
-7397
6322
-6617
7800
5372
8898
-8577
-909
-838
-313
-8369
5201
2881
8319
7394
6622
6511
-7885
2444
2176
9043
-4542
-2187
-7663
-4708
-1779
-1402
-4402
3068
-419
-1813
8390
4958
-8339
4258
-628
9819
2129
-1995
257
-3964
-9772
-1502
7377
-7600
-2295
9407
-733
-7609
-4402
-624
1401
8421
8022
595
-3043
2255
6024
-2716
-919
-7083
8594
-4882
-2817
2745
-9157
-7073
5786
1991
-8726
2028
3281
-8883
-535
-8735
325
5551
-3869
-5308
-1749
-2902
-2171
4192
-5587
3966
7701
-2894
-733
-3098
2538
-9451
-7274
3212
-1926
-7768
-8277
9016
-6543
3093
-7622
-5383
2808
9565
-1664
4000
7685
-3857
8658
9081
4097
7146
805
-6619
778
3787
1166
7639
7173
7805
62
-5222
-4099
-9971
-2528
97
-752
-6513
4868
-4091
-8149
-4636
-9851
6506
2054
-7244
-8607
-1204
9943
6387
-6729
9305
-5629
-3380
6170
5599
5068
-3670
7094
464
-1421
-3528
-143
-3248
6837
-3390
1216
-9604
9901
826
-8034
3483
338
-4060
4498
6778
-741
-6622
-8163
8774
-1462
-1009
-7924
-3748
-1317
-2220
322
-6978
-1465
-5250
-9580
-4275
-6312
5642
-1464
-8484
-8005
5970
-4886
6426
7292
4495
6799
-7960
-9791
1260
7061
-3174
1326
-6320
-4861
387
2758
9458
-9903
6384
3982
-4973
-6404
-519
3401
-2040
-1496
-2644
-5878
-6880
-2342
-7730
-9959
9681
-3459
-6206
-101
4167
7624
-9328
-2165
9559
3458
-1796
3464
7940
-3119
4531
-8059
6130
9660
-8016
-3742
2087
-4933
-572
4964
-2925
5097
-370
5505
6773
-5551
-9080
-5668
4544
-2196
-2603
6324
-5983
-8037
9378
-7343
-4355
-12
-1737
173
-9456
-6818
492
-8389
-6005
718
-2644
-8221
2216
-1126
-8050
-5848
-8292
-8721
4152
4525
3609
4873
8255
9723
8113
2375
7295
7501
7379
-2720
720
-922
-7059
6432
-9535
4531
-9708
9317
5410
845
-8483
-5226
7309
8464
627
707
9668
1025
-8035
-395
8185
-2435
-1045
2947
-3348
8200
5058
5905
-767
8685
-7849
-6976
-5428
-5202
7536
-5740
5588
8703
-4027
-8067
-2212
-3
8769
-9703
-4203
-6977
3642
4948
-2184
9495
-8841
2146
1204
-7182
5182
-6048
-2972
-2132
7974
-2506
2984
-7503
-7632
2276
-937
-3244
3307
9768
5702
6663
-9885
-8849
1420
-4499
7256
-5669
-3923
9016
-7139
-7882
-4541
7017
-9076
9198
7591
-1210
3007
4770
-2657
-7831
9063
-1238
3696
-3908
-3409
-4659
-3076
6077
-8224
-3570
-7303
9862
9935
2878
-4857
-1108
-2458
-3579
2759
-5601
3213
2114
-6520
3591
-3499
7226
9395
9613
9927
7575
5740
1742
-2342
-9749
9332
-6009
1956
2129
2825
-1066
-4871
-422
360
9621
5119
-3781
-7431
5836
145
-8844
6812
8405
-3223
8415
-3908
1164
1196
7881
7584
9493
-5962
5762
5237
1760
-8105
4903
9043
3560
-3832
-1160
-3724
1126
1979
8404
9154
-3330
-2131
-2273
8832
6272
-7686
-7497
9927
9486
-898
-6312
-2355
2495
7383
-8202
-6280
3510
2112
7393
-4472
5292
134
1725
-3047
7205
603
6295
-9994
8404
1036
-8771
7419
2609
8185
-275
-5147
-7604
816
9168
8277
-208
-8391
-5403
8347
-8112
-1471
5793
-7466
4738
-7480
-1629
-7196
8168
-2083
-5888
-9136
-1535
4729
-9972
1164
-1761
-3986
-8631
-216
5612
2812
3446
-5569
7465
6786
-8562
8434
5700
-8976
-440
2343
-4612
-5491
-3576
4980
-4858
-3204
-8403
4560
3676
-1902
9258
1075
2433
6950
-3464
-654
-4129
-7670
9886
-3134
6848
-2692
-9265
6997
2034
7417
-4708
664
5601
7161
1949
-8722
-4155
3328
-1631
8875
3937
-4356
-7642
3467
672
7057
-2864
-282
-8205
4606
7009
-9391
4933
2508
-8288
-7446
-9166
-8611
-1264
-8654
-2239
9670
2376
-7494
3118
-8070
-1812
-5352
8603
6470
8848
9162
-8398
7789
-973
1645
-9186
-3829
-3084
-5709
-5175
-8323
-6173
1052
-6436
9424
9222
-3873
-4726
6917
5864
-1576
9626
-8092
-6378
8770
-1974
6038
6143
6443
6065
6648
2578
5970
8003
6305
5170
-1394
-5653
3133
2294
6908
1177
626
5713
3050
7645
-4523
-5785
9480
4808
4467
4842
2844
715
-9990
-3218
9713
-8279
-9889
9724
-4026
-6035
8349
2766
-9650
-2051
4136
3106
-3758
765
7236
-1028
-9493
7281
9868
4425
-1892
-1129
3284
3570
-7974
5319
-7254
-1763
7588
6470
-3947
1184
-8600
6523
-7433
2363
3404
2413
-118
1294
6898
9352
-8082
-4828
4694
-2740
4002
-1422
9323
5198
4457
1618
-395
3958
6948
-7559
-836
-6658
-3630
-6455
-5777
-5084
-4789
759
-6002
4784
8270
592
-619
1787
8224
2116
5084
9945
4913
-840
4913
4261
1631
-3525
-1098
3205
-4708
-5120
-4176
-7811
-5903
-345
-1225
4670
526
2675
-5345
-8213
6454
3700
-7685
6665
-6463
-5603
-4396
6598
-1636
-3370
-8533
7649
-6528
-9827
572
9904
-9130
6535
-4357
9956
62
-1737
2676
-5596
-4327
-3673
-7590
-5751
4054
4695
-2062
-2757
-7785
-175
-7818
-9841
-2289
-3262
7455
-5167
-6184
-6054
7510
-3286
6602
4489
8826
-6969
-412
7880
8180
2346
-2444
1031
2716
1964
5076
9351
-4023
5887
-7675
-2478
6090
-7236
-3626
-4112
-6969
-3252
8200
662
-8635
9164
6319
-6233
8842
-9277
1903
-1350
-2472
5959
-182
3730
9887
-6840
-8565
-492
-9055
-1285
667
-3222
-6005
1405
7368
2345
-7198
614
1560
-9541
-2618
-1314
7603
-8406
-4984
3763
8766
1720
1915
-3193
4530
-9173
-529
-1310
-4166
4005
-9728
4371
9614
6422
1709
7376
1087
-1948
2299
2461
429
-8587
9327
-5387
-2336
6805
9319
-3284
-5385
-8031
7799
9705
7427
-10000
5952
7120
1551
-2836
2481
-8515
-9954
7046
-6441
-2958
-3743
-7639
4935
5607
4122
6196
-5004
-4260
-2982
-2594
7767
-8046
-1527
7126
1946
183
-756
-7492
-758
1483
-3222
9483
-9441
2762
5152
-7436
6979
3780
-4993
-3733
-6969
-2725
-2536
-9801
7315
9720
2469
958
7918
-4544
-3036
-6141
-7103
2334
-395
409
1475
9966
7759
-549
5785
7408
-9805
-3498
-7685
-5775
-7764
3289
5526
1956
-1460
-4673
-5689
-852
7380
-4686
7207
-5067
-5036
9484
-5401
-9531
6811
9349
-3491
6305
7105
-2771
3536
-513
-6387
-7338
6129
8765
-76
-2480
-5256
7082
6893
9020
-656
1934
3545
-440
9792
688
-5603
3132
-8600
947
-4564
-8210
-9157
-3817
-5183
778
7958
6143
-6513
-3458
517
-3385
1345
1077
-6472
3799
1962
1042
6023
-7443
-6626
-9464
-5521
-7736
-5918
2638
-1184
1276
6141
-8220
6489
-6620
-3732
-4854
-7277
-6126
-933
8416
-8580
-3990
576
-2481
-561
-1524
-2184
-7487
1037
4628
7822
5349
-571
1200
5305
-3528
1079
-3406
-9147
-3369
1835
-3120
-7806
-6624
9419
-8719
9026
-4704
5476
-5134
-3442
-3552
-6163
-5107
8077
-7924
-380
-5441
-9765
-5213
-51
7533
1663
5984
-3061
-8186
-4803
-8835
-1370
-2084
-4936
4663
8137
-8448
-5443
-8854
-1359
2084
-9345
-334
3502
-8076
2632
2992
-9356
723
8500
-7477
7711
3445
2260
-3944
7544
-4327
8006
7271
-7000
9011
5326
5394
2414
1565
717
-9080
7155
8260
4027
295
-7424
4781
-7473
1244
295
-8719
81
655
-7081
2102
-8217
-4141
-3386
-5399
5991
-5192
5953
921
6914
5138
8320
1181
-3556
-5362
-1265
-382
8117
-6182
8171
7899
-3970
-6036
-6545
-4424
-1818
5271
2766
-8614
4656
7163
-5538
1242
-6023
-7074
-7863
-1084
7083
7124
1203
4817
5189
-6021
5135
-7691
-9605
-2373
-6619
3137
-3694
-9141
2705
8219
5983
-4250
-4242
2936
7126
7404
6391
-1775
8889
2065
8378
4202
-3641
-6889
-582
7642
787
-9759
-4116
-8023
8029
-770
-3517
4096
4656
-9568
-8333
9996
-4933
-1903
622
-6786
1671
4926
-9479
-6625
2544
-2445
4839
-2008
7472
-6143
-3754
-4433
-4419
4469
-2146
-356
2105
-5198
-9910
-8830
-4454
1791
2248
5972
-7850
1971
7131
6785
1621
4029
3892
2705
-1654
-3395
7178
9910
-402
8161
-8286
-5889
-3731
5080
-2295
2756
5242
989
5338
-6224
2799
-5061
-1147
-2251
-1808
9362
1610
-8543
7989
-3570
7235
418
9112
-1134
7001
-7954
5191
7828
-591
-475
-6183
-7785
-2542
5299
-6414
-6167
-3658
-4395
1568
7288
-2235
4955
-5575
1315
9382
3216
-1251
5417
-7498
-1683
-8930
1663
-760
6234
1031
3618
-668
-7859
-2859
-1632
9477
162
3837
7187
-5221
5916
4315
2450
-4870
-8594
8233
3787
9711
-7039
-2495
-7668
9591
-6304
9867
-1422
-7152
-5570
8148
-8704
7662
-2351
-8562
7625
1216
5554
9044
-7817
-7965
9244
-7581
3757
-1118
5841
2332
4437
2357
-3281
2245
-3560
-8737
9089
-1120
5665
-1891
4211
-201
-3896
-6435
9997
-7265
2743
-5971
4637
-2464
8810
-2126
-3182
-7901
9611
-56
1746
-6573
5155
-938
8869
5852
1034
4575
3484
412
784
1072
1662
6877
-9068
5264
-387
-7814
9340
7854
5294
-9887
-5069
-4202
8390
-7192
5049
664
5270
4522
3158
-2389
-1456
-8707
-8499
-7867
-2356
8704
1060
2109
52
643
8738
-1227
4906
-2843
-7576
-682
6885
1387
3662
-2415
4537
-5756
-1456
9804
9658
9193
-4565
-75
1997
9782
-3730
-533
3324
4202
-7987
-7231
-5841
6809
1725
-379
9127
3234
-1531
9406
-1145
-9231
4668
8155
-6324
1508
5260
-8448
-7457
-3369
4236
5767
7849
1944
7025
-5552
-6379
-3610
-9275
-8024
-4520
-480
-8528
948
-8279
-9143
3292
2597
-8657
1924
1110
-951
9651
2777
5723
1346
-636
2853
-3365
1733
-8673
-8877
2093
4031
9125
9720
-8062
3844
2210
5790
-94
8248
1493
-8492
8935
-8395
9883
8025
6667
1898
-1143
5389
5554
1895
-2177
3924
-8864
-9425
1574
5634
9972
6515
7766
9265
6024
8468
3305
6843
-9486
1304
7661
-5740
-6562
-8358
2971
-3563
-9670
-9923
2460
700
-4612
827
6845
8842
-662
9625
-9436
4264
-9665
-6371
-1587
8862
-797
-1521
-7307
884
1383
8704
705
710
-1864
2017
2819
7755
6094
-9858
9217
-3230
1855
8354
-5410
9422
-8996
3869
-3812
5198
-2564
843
-5011
1854
268
-551
-942
-3928
2282
1803
5340
-3186
2693
7835
4200
4383
-3520
7871
8667
3880
-4463
4624
564
-9624
-1837
-6722
-5831
1005
-1407
6887
9151
60
7451
-9027
3471
-3791
-9355
1562
-659
-6681
2208
-448
4384
-2123
-3174
8679
-8391
-2620
9795
-3216
-5087
3814
-9350
3420
-4251
1780
-304
-8197
6545
-4960
-2431
-527
-1711
-539
1421
-6302
6666
4919
9028
4653
7374
-708
6444
7122
6051
-769
2979
1892
-2708
2765
-3829
-7576
360
2339
4838
-5707
322
2363
3390
-6003
6239
8240
75
-1201
-9990
-3014
8241
-2041
9158
-8090
-4546
3000
168
1618
8739
8398
-9314
1522
6555
7006
-1162
1716
-6039
-6484
-9593
2212
-6081
-5037
-1119
-9301
9362
4914
6329
8549
399
4489
5956
1453
-3102
-7664
-5176
1684
5180
4008
-6152
2474
1717
-675
8868
-7082
9188
-1349
-8559
-9314
-3596
-6595
-4024
2544
-4334
-1060
-1354
3333
-1740
9217
9367
153
-1387
-3379
5613
-3779
-8904
4854
-6619
7277
1251
-2626
-2144
944
-4791
1575
-5501
9018
3597
5069
6442
2259
4472
-9910
-564
-6881
-7296
-3075
6446
7293
-9168
-8092
-9333
-7632
-6715
-9983
-2601
-2615
3232
6480
-2969
-3399
9626
2809
-1773
4089
-5092
-5007
4430
-6442
3513
7548
-6340
-6311
998
7034
-3184
9272
5254
-6861
3045
-845
1557
9313
-9166
-5345
436
-4744
-3464
1138
-8005
9727
-9559
-6422
775
-4127
-4019
8589
-9869
3745
1167
-5536
-4354
-1258
9967
-6192
-2857
9557
-4380
-5405
2578
1786
-517
-5168
-523
-2878
-8336
2341
5363
-4715
4501
1139
-3871
-4317
-6267
-9943
5740
7843
-1
-3783
792
-9096
6930
6009
9994
6810
-7058
6085
-9382
1157
-7884
3748
-3430
-5804
-4256
-6261
9872
5978
8840
-8957
9153
-2176
-2486
3440
-3841
-1639
-6859
-6595
-7701
-5957
-9328
3455
6991
1975
-5161
-1960
-5782
9752
3905
4412
-4198
150
-5862
4692
-7252
-833
7591
9761
-28
-1653
-8519
-3577
-6614
-1751
-8851
1722
-8639
5853
-1269
56
5142
3672
-873
-5624
1689
-2415
-9148
-2898
-9329
-7577
-23
6819
-5997
7359
6763
1782
-504
9048
7287
3555
6100
-1268
6651
-7280
-6189
9087
-5371
1427
-233
3197
2165
7049
-8360
839
6908
-9625
-8673
-6441
-7692
-2766
5970
-419
-8661
-1251
-8998
-7617
-8970
5147
4952
-1578
-856
9347
-9309
1734
9978
7574
-1520
6270
-1705
-220
2026
667
-7515
-5479
1078
488
4702
6780
-1614
-4293
-8129
4020
7424
2831
-3763
9102
7425
5745
1485
-6769
7226
4426
8295
-7620
3044
2736
-7721
8888
-2823
-5238
8646
4645
-9803
-3063
-2591
-1168
-6327
6440
-6566
581
5621
8111
6593
-3783
-3270
6113
709
-1681
6769
2674
6465
2421
624
-8718
-2656
-9921
9720
-3995
-1926
-2600
-6893
3806
1482
3647
-382
-8569
7924
-2858
8580
-4505
6707
7761
7808
-8018
-1662
-4452
3333
-4960
-1349
9409
4069
756
1349
-3425
-2534
-4047
-5160
5503
1472
-2683
2013
6854
2374
-4436
7375
-8192
-3773
1085
-6129
-9181
8636
-8870
5172
-9537
3483
8769
8262
-2063
1356
4172
3432
3644
1049
4733
4648
-4999
-4511
314
941
-6407
6285
-3507
5704
6882
5463
-65
9455
-6452
-7026
2084
9394
730
1935
7659
-2910
-3980
-5492
7305
-8313
-3046
8892
322
6688
-8750
9765
4595
2994
-9086
4503
-197
-2688
361
-400
-2476
3680
-9728
-9119
-4796
-1616
1544
1517
7982
-7892
8541
-3727
7543
5299
6517
-6204
-7278
-8781
-8879
4891
5759
2483
6851
-9242
4253
-8960
4806
9534
4969
2834
-2876
-6329
8592
1419
-3307
-26
-4550
-8841
8445
6037
-6263
-4940
-3724
6483
-826
-5826
-9760
1869
7512
3769
9152
230
-6450
-9778
4282
-1475
5771
7081
-7765
-9459
-5895
-2411
7309
-8676
-1040
-9463
8926
2220
-9255
-1280
-1198
-8331
832
-4507
4060
8846
7426
-1364
-2140
7527
2260
9922
4273
2934
1201
7914
-7886
-3563
6184
-974
-9683
-3600
-4354
1119
1876
-9933
-8001
2169
854
-8625
606
-7498
-8460
4425
1756
-69
-1586
-9506
8028
-3545
523
-6082
7387
9122
-1186
986
8180
-1314
-9258
5257
3538
8803
935
-7712
-8930
-3875
8982
-9089
-6388
-8834
9607
9898
-5377
5821
-7314
-3521
-3742
4924
-5354
914
-3062
-6818
-7751
7586
-4136
8053
-6505
5223
-1691
-9723
-2729
-6112
434
5619
9304
6987
-3537
-5935
-3277
9943
7686
-9271
9529
8562
8438
-1942
-5177
-7044
2235
4347
3
-2112
-1217
-311
501
73
7243
-7676
9704
-1334
6950
-3137
4816
-2067
8990
-2653
-8830
-4244
7229
268
-7801
-8476
-7487
-2922
-3375
4139
9640
-171
-399
-6207
-5590
-287
1589
-1682
-9842
-2538
-8033
-7404
3326
-5837
-6206
-8082
8716
-4674
2327
4303
6425
-3651
8769
-8461
5132
8282
3596
9415
6160
-8807
-1480
-941
7748
-5798
9971
391
3681
7010
4326
9346
-9067
9223
4412
1740
8072
-3630
3268
8917
7417
-4610
8010
-3529
-6401
256
-8925
4336
3669
2299
-6741
3116
-6476
-4721
-3380
6127
7492
5362
-1030
6727
2749
261
4742
8409
8077
-7188
6118
1319
-619
-8125
-525
-6996
896
2159
-4745
866
155
-7669
6951
6301
4123
-2351
9831
1028
-2631
4814
2085
-8904
-6214
7019
-4814
9940
5663
2827
-5957
1534
-2328
-8319
-2635
8242
7868
-4818
-6972
3566
-8046
7048
-7211
3721
-8227
9219
2081
3900
5796
-8455
-5228
8750
-3098
-1651
3476
5086
-1055
-2866
5500
-7217
4751
-7071
-9619
4215
-1431
-2554
-6340
9182
8331
1170
-1522
-660
-1741
-5402
-4088
-7752
5387
4256
3678
6159
4462
3560
-1306
-4361
-5012
1880
-1971
1032
2465
-5411
2383
6966
3496
-7415
1830
-9216
5354
-3773
6122
4064
6269
-3092
1734
-7214
8581
-7116
-5595
-6865
-6063
-9902
9304
-8145
9957
6072
7888
7028
-9450
-6888
-7952
891
2736
-8225
5441
7605
2758
315
-1515
7493
156
-6349
2929
-6465
9339
-7721
-8505
-3009
-9022
936
8486
-3841
-6090
-7497
-4885
-5446
-7585
-6268
-6399
-1779
-9004
-1979
9747
-6150
-1423
864
-1488
783
4638
4085
-2730
2334
-3894
8464
-4007
-2023
3657
-1157
9574
-9921
-4357
8853
-9785
-6144
3370
4354
880
-6785
8114
7317
-199
-7229
-5003
-5041
-9310
5383
-9575
-4568
-979
-3714
1052
2301
-4302
-7847
166
-8648
7331
5137
7339
536
-339
-5034
8151
2112
-9075
3547
-6378
-7571
1486
-8867
335
-7428
-1371
-6647
-9319
-4947
2445
-3140
4458
-2152
-8
7748
4031
-9280
2677
902
6854
-993
-8520
4235
-2607
-4090
-5984
-8145
-7929
1047
9821
4045
-4890
7818
6558
177
-7995
2709
143
7995
-6931
-9009
-6782
-4709
-6446
-9575
6650
-2575
8369
8548
-1151
-5028
2118
2948
9841
16
2851
-2763
5813
8654
-9602
213
-928
-4607
-6224
-4582
-7987
-86
-1513
3805
4251
-2488
3630
-3027
-6308
-7980
-1047
364
-7618
-1014
9704
-5972
-2311
4751
6766
-7742
9838
-8207
854
-8076
9850
-7690
-8780
-7574
-5852
-7696
-1599
-1381
-1658
9273
-7027
9601
-7102
2046
8483
1284
9349
7818
4357
8060
-8234
5455
-4940
-1451
-7713
-4236
9438
-6498
-8527
9913
7635
-7794
9376
-8184
-6708
6290
2584
3586
-694
-8718
-6213
-6441
6202
9453
5734
5490
9411
7317
9483
9082
4926
8582
-6545
-9204
1299
3256
-6492
-9593
595
6225
257
4554
1445
5352
-2167
-4606
-2397
-5134
8342
3530
9109
-3861
3415
-9984
9186
1353
-7422
3069
-7160
-8921
1353
5419
-3271
-2071
-8407
-1272
2731
-50
1576
6149
-2538
323
-694
-5191
-4717
103
-8866
7615
-3418
-6332
7604
-349
2545
5918
7976
462
-213
-4335
-5696
-465
5022
-5051
-9276
-3539
1237
561
-969
2353
2521
-2831
-9012
686
-1673
-9289
336
8559
-3359
1931
1413
-6891
2455
3916
3530
-8704
-7741
-8232
626
-9272
9538
-9056
-8936
9752
3473
2700
7407
9598
-3859
3265
5869
-6134
-9980
7252
5890
4669
-7794
-8460
-5954
-4365
-7768
8424
3506
-7103
689
6963
673
623
9191
-7779
9038
-9165
2713
-402
158
-8046
-7756
311
7228
-2268
9742
6114
5158
-2075
792
-1721
-3578
-6741
-8296
-4416
-8255
2548
8333
6228
-2848
-1088
2841
4418
-9937
4042
-4240
-5508
7959
-3151
-8234
3824
-8620
-4207
5501
-7340
9254
9039
7489
4390
-4596
9176
8524
7640
7205
-980
970
-5874
-2686
6011
-5368
-3599
2147
700
5250
-5633
-9281
-9397
-1799
-9026
881
7620
9881
2977
9988
-7888
3269
-9460
-8170
6591
-9188
-9867
8176
356
-3449
1592
-7453
6149
5865
-2739
5567
-5529
-2356
65
-518
328
-447
-9913
-4173
-9891
-504
-4784
-2870
-5143
5835
-1146
-1046
-9960
-561
-2366
-3440
2552
1982
8242
-485
7388
-3407
-9804
1182
-2149
-5607
-2181
-3520
367
-7740
9030
-3832
785
4663
-3101
3585
-3951
-2021
7426
-8671
9601
-2946
2947
4993
-4645
-869
-2469
-361
671
-417
-4229
-7903
2211
9283
3751
8410
9463
6978
7767
1078
5093
8177
-9362
4550
-2668
912
-8583
6
3868
-4218
4189
6422
8032
-2232
-2682
4850
4564
8809
9260
-4311
-9215
-1285
-9008
-7786
1264
-5197
3721
-9782
6291
8962
-7394
7045
7943
-7619
-766
-4637
3975
-2591
-4979
4221
2688
8989
895
-4458
-5604
-595
-6389
3065
5375
5818
-5342
140
-4653
9982
9163
3327
6190
-8108
-3415
-5296
7360
-3832
-9804
7812
4666
5161
-7717
-3832
3929
3662
-5352
-2626
-4866
3010
-5839
-6076
8964
-7667
4754
-1174
-5348
1397
5695
4573
3263
-6750
9114
6380
-2483
-7885
9339
7511
-4868
3833
7418
-7372
2960
6034
-4887
-8280
2530
9166
3178
4592
-9257
-2001
-4490
904
3314
3121
439
-248
-560
5434
-6803
2390
2655
8855
3069
9864
6234
1774
4868
-1806
-6029
9410
1642
-5855
-2948
-9364
8924
2889
5651
-8086
4517
-3331
1916
4403
-4621
-1995
953
663
7195
-2961
311
9634
-6258
3594
-6140
-8956
2960
9995
2127
-93
6724
-2304
-7405
7499
-6544
170
5124
6404
-1741
-6402
-7617
897
9453
9438
3927
4326
2375
8217
-6005
3946
-4676
5134
-4454
4881
6384
-1713
-9788
7042
8889
-5648
3534
4222
-1154
5800
-1116
-4761
9538
-3634
7167
6528
3149
-5130
1557
-8409
-5865
7055
-8250
-7854
6213
7873
-1233
9135
2237
-2735
1750
6391
586
1231
-7465
7297
-6817
4769
-601
-4966
-3193
820
-8053
6288
-7872
-3967
9175
-3866
35
-2533
8483
-2722
2377
3005
-3076
-2105
198
2875
-2529
-6682
2081
-9862
5426
-8538
5897
1205
9654
9941
8723
1330
-9823
-7241
-5242
-6913
-1822
9440
37
4532
-9863
3847
1572
3377
3506
6430
1174
-2813
1477
3068
-6210
2103
-1178
3894
8159
9419
-4950
8967
8202
-3530
-3674
-5414
-8070
7999
6475
6741
5082
-5524
-6921
3392
-5621
2277
3318
8073
-5869
-6744
6917
-1127
-8120
5942
3097
-669
-519
7280
6559
5937
3311
7736
8372
-3796
2580
-3803
4944
-7934
5084
7064
-3668
3889
9014
-3643
-8228
1503
9036
1351
-4366
-4683
9897
5175
-9457
-4853
-2431
-6021
-3813
4357
9306
-1857
-6116
-4236
-1598
8756
-91
5544
7349
-2988
7606
-9573
-5871
4197
5485
-7401
-5495
3022
-2740
-6766
9207
6263
-7351
-7061
2407
9607
-3095
-2150
3775
4932
-6109
-3185
7346
-6337
-9368
6619
-7168
3530
-4041
8034
9814
-1416
-3250
381
1029
-6750
-128
-6625
-3522
3756
7031
1894
-3329
-283
-415
4182
3462
-7728
8218
-3714
3000
3599
1132
-8568
-2389
-6063
-6193
5359
8595
8142
451
-9228
574
3187
9533
5173
-4599
-7709
7249
-2524
-5066
-3239
7600
-7672
-2725
-5493
6879
8326
-6788
8175
171
-4133
-9039
-9648
-7397
-4785
1987
-4556
-9159
1195
-1273
1053
-5708
4824
1015
7408
-5813
211
-2831
9946
-7264
-3959
3556
-3281
63
7980
-5099
452
2694
2872
-4592
-7907
3715
-9947
5539
3814
7215
6325
-1642
-6552
-768
5849
-3664
-1303
4206
-2406
210
-6984
2764
-8965
1302
4858
1261
-6930
8154
-4681
-7587
-346
-8469
-2713
3649
828
-4786
714
-9635
2513
6507
-7662
-5301
-4387
2046
1047
8656
9657
-6138
9860
3117
-3342
5846
7493
-5836
-1071
4291
3218
8089
5971
-5291
-3379
3084
-5079
3746
4801
6451
-8378
9440
-1546
838
1148
-2667
2808
2752
-7769
260
9726
2562
-229
-8504
6666
8031
3428
-7981
4354
7536
-5399
5420
6457
3512
3355
-4032
5109
6208
-815
-9241
-814
-6908
1754
8226
80
8670
8709
6763
-9315
-3982
-6590
2311
-5856
-429
3881
-8328
-9877
-7897
-3060
-9583
5260
7262
-2912
-8012
-750
2531
8707
-413
817
-6325
-6866
-9038
-1101
5602
145
-3350
-5356
-5111
6656
2600
6342
8403
2544
-9117
103
7112
6136
5072
-5126
994
-350
2006
-4321
6059
477
-9517
6851
2313
-1970
9155
8233
-7084
-7592
2541
-4547
2578
1209
-6620
-6673
3563
3134
-2025
8422
-9006
-7831
3487
1586
5154
-4377
3326
2113
-9184
-3526
-3889
-9253
8335
8123
7870
-9707
-6392
4295
-9792
3709
-1951
-9515
1020
1100
-5462
3917
5551
1185
7560
2902
2254
8633
4246
-8864
8644
-824
6107
9951
4024
8241
244
-732
-9566
3844
-1827
3640
532
6506
8778
-8364
4377
1102
2739
-9013
-2282
-9592
-9196
9575
-3097
7215
-3086
-9517
-1051
1845
-196
-4614
3089
628
-1661
-1600
-4400
-564
-3429
-6351
-2372
9907
5358
7103
3500
-5071
-2187
6889
1312
-8297
1295
-7743
1683
8426
-2560
-7193
-6162
9933
6612
-3357
-8551
-3851
-7407
7265
6964
-5477
-234
-4043
3422
5244
1158
-312
-5828
2063
4942
5570
7425
-5780
-1991
-3742
-84
-3701
-2828
-5346
3743
-1883
-1406
7833
3804
-2285
-306
-7448
-6647
-7127
9789
8920
1514
-2988
-9912
2288
5308
3041
-85
4228
-3051
-162
-5960
-125
-9623
3374
258
706
-542
-6200
-1176
8542
2667
2708
-7720
-3059
-5985
7116
-8396
-8042
-573
-8881
-6136
2070
-8010
-1400
-481
-5919
-8479
4061
-937
5570
-4187
1996
2358
6806
3288
-4576
-6222
4640
-9401
4517
-9326
290
-3187
3470
899
6124
2126
2656
-1607
499
-573
9825
740
-3298
635
-1059
-8391
-9221
4868
1641
-1548
4538
705
-864
-3261
6278
-914
-951
-7849
2729
6980
5954
5312
-9001
-3876
7831
695
-5316
-9693
-9148
6089
3312
-3144
-9047
5778
8154
8786
3863
-4195
-4215
-357
3939
-3486
2232
1673
6498
6828
-6964
-6291
-9312
3073
-9699
-8505
-8592
3148
-6929
234
-2902
4360
-8162
1073
6410
244
-5697
-5762
-4690
-4240
1495
6145
611
1765
1609
2580
-4292
-9342
5499
3926
3242
-2048
-7140
-7135
3889
-3995
-9707
-3507
27
-89
-1963
-2206
3745
-7657
6843
-9300
8357
90
2040
-9993
-2083
-5245
-7293
-6567
2266
4284
-7715
-784
-5475
-9053
-9328
-1158
4953
-8569
-6572
-9910
3939
-8018
4742
-5626
-3705
-1982
-9549
-418
1464
8449
-3716
9739
8340
5012
-584
-9143
-9289
-2936
-3813
-9526
4377
9267
8789
-2866
-9662
7001
-3416
1853
-5264
4674
3553
-1734
6
-5559
-2208
-809
-6929
-4765
-4841
6550
-9056
-5717
-6695
-5351
-2390
5346
6910
-3687
2165
-8839
4621
-7588
9644
-9923
835
8116
-4874
-5486
2843
-3511
1259
-3831
-1374
-5963
-1263
-5462
4230
-502
5318
2110
-3829
-6370
-5632
2445
-3996
8145
2502
-8164
-1807
-9024
8495
5550
9458
1302
2
-5385
-6703
5410
-4427
-2510
-8793
-5897
-6330
5140
2455
-1739
-7405
-3699
2655
-9394
907
2665
-112
6337
1353
7845
-7703
1023
-4588
8385
-4381
-8420
9030
-7738
-1481
-6581
-3732
9843
-2680
-3029
-7652
5499
7284
2468
7309
2142
8723
5687
-5016
1832
-7799
5614
7523
2142
9700
-2284
-56
5981
-8042
-5257
-8937
3765
8020
-5987
-8249
5652
6805
6488
-7993
2835
-6770
4437
8752
7055
-2116
4849
8386
-8572
-7429
-1647
-7107
-4996
6415
-9520
3516
9635
6744
-7434
6544
-9454
1570
875
-8823
688
-7429
-1964
-6370
7968
6676
5193
4975
-7123
-7610
7645
-3545
-3062
4351
1074
7290
7436
-918
9431
8937
-2072
9903
162
-7405
792
-1377
9761
5837
-5390
-2290
-7698
5305
8266
-5121
-1628
8034
2791
2932
4965
9661
-4425
6789
-1585
-6087
-5634
5131
2767
4212
1906
-7504
6908
123
1773
9201
-8760
5282
8432
-3166
-2360
7647
-9637
-1604
-8669
9474
2636
-6855
-1763
-4156
-3036
-5268
-800
-1642
-9155
-8299
-7687
8428
-5489
9086
-9853
-9829
1818
-6732
3124
6815
9747
-9771
2816
-642
-5652
1901
1684
7370
9830
7891
8439
-1927
-2229
803
9613
-3148
25
6981
770
