81850
-74823
-56818
1572
-72475
-10922
-5902
-75692
21046
-96362
-97915
-23719
21953
71410
-6053
-14103
71901
-54323
38686
-24538
11620
-84141
-38562
51251
-55170
93080
52507
47373
-53976
54405
28044
73637
-94185
16755
76963
-89614
-89242
54504
98077
33777
43259
21881
-43740
-60071
-23607
-97799
98783
-72944
70605
-19674
55961
53972
-73326
4100
91691
18741
-5266
15287
-11261
-61140
63968
-1763
-28157
78585
47808
-60960
39281
62456
99096
42493
69468
74058
-90969
-97989
12260
-78489
92294
41202
-29856
-81517
43529
-11796
-59582
25953
82914
-76121
-91730
68141
77424
-15626
-43386
-74840
-51789
-10076
-68340
56072
-30433
70333
44732
-33491
-8598
14691
-83385
-69946
54601
89089
65488
-58452
-38494
-73273
85576
-1892
-60340
32497
73982
-85894
-93549
-27076
-60029
-9537
-23357
-56966
17799
88724
70411
-60485
-3154
84435
-47746
73445
53457
-45672
6058
38513
-70965
-4783
54023
89428
99044
69296
96066
-40782
54959
-54639
70896
-5775
-70611
-96004
-22071
-46388
14729
41022
57703
-23678
96892
-25767
-64768
-94694
-86733
75099
-81000
-42081
65742
59905
13090
76780
-43045
-77336
63820
-99184
-70167
-2704
-8373
92679
-19195
-98601
53854
33336
30418
-63594
-13186
2251
-29262
75178
-27419
86375
32859
10333
-70663
93318
62202
-82519
40582
43277
-20017
-16711
33821
-44974
-15456
84098
70297
-11411
-38056
83324
70931
-99162
-92564
-26213
50967
6068
-16063
10875
-30756
79128
-39545
-90270
-84430
83837
35985
-40290
-17727
62331
-66390
-4126
-8575
99780
-17958
-12043
-28248
95246
19706
79052
-41396
-75426
15368
15822
-48220
52720
31909
-83840
95836
-99073
-41909
-80043
-93941
-50642
-93759
-59190
76494
-2339
-89110
-62197
77052
-99185
92215
63536
86825
-86558
55899
-49034
-19607
20639
-67460
86705
-86832
19298
90816
32760
94724
-87268
38425
27130
-7458
23587
-61091
-51411
-55511
24178
29321
-6781
-98351
-7288
-28334
-86155
97377
-8586
-89819
-52952
-77115
-18829
30194
13755
-78581
-27093
-51894
-63568
-91160
-86384
-81749
31785
-48160
43585
23139
-49094
-20822
-84753
16436
-760
63699
93412
12814
53652
92072
65941
-50180
-47489
-40247
40789
47233
63583
-91360
77118
81411
-7311
28415
34834
71564
-99033
61347
82635
14519
-48460
-20125
92734
34125
-25439
-23322
65924
5928
76444
37677
-71863
-73909
-57915
90537
-52019
59078
35258
-49152
-61976
-91306
-29856
-33174
-33540
-39603
6739
82572
-24987
-24692
59033
34110
99660
-22889
66509
1080
2531
68047
21937
64668
85402
99204
83769
-54405
77783
17582
80415
95891
58813
-52878
23877
-81160
-13888
-59744
4519
-60268
34358
-10889
41919
6688
-2500
67757
-80432
-16414
-34401
-82001
10818
25415
20279
-71498
-65556
69024
82753
-49203
-7957
-76251
-32741
-8035
-81368
-99186
63076
-45768
51879
53088
-33931
46094
-77016
46652
71879
77587
74829
-72265
-55746
55154
479
68177
28961
-48266
79120
-61028
-29549
-75614
-20871
35567
-87821
91936
96763
2913
-20206
-55531
-66520
-97843
-67418
53475
-82775
-62631
91032
-6727
-87800
66950
-67324
70848
63605
87065
-84141
80920
83579
69564
43798
64446
-97100
-80136
-39751
-32298
-20736
-57815
17561
19350
-54961
-50707
-40774
28466
12868
42440
-62732
-49406
96051
93671
76843
-52577
84033
28618
-9504
70725
-52215
28678
62435
77013
19537
70798
-89828
-64087
-8573
59600
-79929
16174
26052
28836
-7487
-64127
86855
46286
-81786
-82535
-65981
-51642
-70112
-34766
-89874
55096
57512
4646
24695
-12025
-33108
82394
60514
-52014
-19094
-50336
-62903
22589
-5474
-43637
5474
11890
-5884
67175
-53225
13828
-24276
-8657
75301
-10420
46638
5807
26233
-31745
-3442
-3842
-81841
-34128
94352
70447
-95533
6527
66315
46175
63371
-63145
-82387
-13362
-91599
48954
-10210
-9921
-7197
-76853
47777
-11090
86968
89338
92767
62023
-32696
-38923
-77026
-11036
-43008
-45784
8233
-79473
22686
-36635
-34788
34277
-3993
45198
12619
-53868
-58492
-27982
91185
75299
-6928
-21877
59099
61763
99881
37429
75366
-67572
-43288
25793
-30489
57084
-42398
-75712
-75936
-23677
34012
33771
91208
-70955
-68418
-78519
90516
50296
-59033
-87497
-19112
97226
-56428
49643
-3132
89655
79804
24617
-11894
-37315
-6553
52625
27473
-27938
-8736
95065
-36033
-34808
-5384
-42691
69895
-50373
40547
-19124
-90491
50718
50140
-95668
39467
49366
38979
-96473
-50527
-11646
-79991
34166
78538
64050
92710
27853
-13951
76737
-56905
85788
19276
-88654
-80339
30222
27751
97694
10241
9857
-74454
47087
62179
96967
84498
29384
-16498
-7442
-84706
27138
22213
-15864
1826
-8683
-87469
36526
-63370
-58210
-992
39716
28978
-34115
9711
61929
-22995
41370
82297
-88515
25308
-32832
93914
-39095
54171
70651
45825
8093
89337
-50716
34723
30490
22570
39543
-93635
8704
54027
-90485
30430
88904
-11278
-90395
-64405
82069
-96370
-22294
-5397
25607
41093
-51872
-30416
-7429
57019
-84619
30071
-48699
-57159
-30943
91586
88614
52656
-47483
84567
27061
-1571
58541
58521
-66297
18301
39953
-63156
70479
67126
-29007
61938
61134
22608
-31740
-24398
-64851
1770
-70798
73331
34586
29091
-18949
-32129
40913
-87652
-44638
-74949
73760
-66392
72189
43987
-9449
-26297
-87133
56517
4045
83188
22311
35735
97136
91890
39080
-74056
85210
-16713
73228
-77417
-21771
94920
64021
-29456
-98748
-77341
-30254
-99569
81890
-28361
-49985
-86141
11640
-66773
81628
-5787
-35600
-17682
3432
-44034
-86162
28546
88333
-75459
83797
-49962
77872
-55433
63025
91627
-58807
91421
-28140
33191
-48153
-18317
-99626
63589
72117
20545
61119
-95017
51143
-89919
-30146
7384
-21057
66332
45414
34658
53673
-329
-14048
-39587
69872
-38866
95253
-65199
-66505
97451
90255
-33194
-15605
90095
-68210
-91284
84093
-48764
-47775
-70807
51757
93090
-28772
-92863
14430
35435
-74507
6371
-11942
17422
-92395
284
40622
69799
-12263
-43516
-19660
1266
-76934
-29872
-73650
41164
18880
-92982
60787
-6808
45710
-333
-33248
69427
73566
22884
-24585
-45162
29463
-97616
-45460
13429
-96588
-20962
-76849
-3629
88387
-86532
-50447
46595
14759
-5716
74220
52751
-13590
32963
17533
23106
23989
10487
65606
1896
60325
39272
16457
35495
-26730
-4698
64041
-26650
-25414
-2585
-95846
74202
78699
-32719
76150
67645
27983
-6483
22643
-61693
-41495
-86793
-5663
61788
17547
25007
-64347
46876
63547
77039
-78658
-22412
20739
32949
-53348
-71345
-15715
65585
-31890
-23012
98464
-38977
-1697
-78908
-54605
-32023
359
-66514
23606
42274
-37200
37506
-18573
-78170
18073
382
-33068
42833
12913
90932
41577
-78162
-52935
68137
27775
-98172
57228
51004
85006
44777
-79612
-10769
33458
-56983
-69633
-6673
-40022
-34112
79837
17533
73050
62301
72646
82896
88844
83467
97554
83277
-67674
-31326
-42256
-34097
-49211
7415
-18412
15800
-56118
-73173
-68353
-43162
-9369
25435
-99090
-79516
30742
-34306
559
2397
-81148
35240
-25002
-26503
-31577
6811
31675
35367
