56104
84961
-43054
64665
86694
-17841
89315
82333
14194
55932
71309
-96146
-9988
-17646
27592
-4277
43206
-76446
-71543
-23245
-80269
66900
36409
-379
35980
10381
-94753
-96178
-13468
97111
23713
-13702
85432
92789
2786
-99189
53907
9254
18285
30217
-49358
31237
-70735
75936
-7176
95179
64302
48755
56579
-38963
-57923
-41057
-96045
2867
-49010
26070
-16479
34332
-74840
2469
75181
41423
75782
47180
99253
-81272
-97375
-27676
36266
15810
36864
39522
99286
61301
-96598
4446
25866
-74519
-1473
-41589
-71122
-47402
15408
78441
-93308
-4753
-19621
-93982
-82307
-85490
34958
92234
94471
-18854
-25256
-23902
-94130
57153
33399
-11772
-76219
73358
84844
-26282
-4319
17328
85742
-16846
-83396
-94079
-48884
-39228
-40044
-50002
-93123
30391
61900
11936
42713
26500
-37098
54252
26299
-60281
-10214
57035
-27456
-33410
