78475
-96907
-80971
-15156
41585
15875
951
-95209
-22568
-32063
27963
11232
-83655
-2343
-93810
-99905
13395
83167
1934
66676
-26591
12768
-49037
38312
-22136
32005
79254
-63381
-58832
75716
52034
3740
56023
-71365
28881
46277
45622
79290
-10480
45311
-39421
-73351
-6216
30966
-32942
43029
-71514
-5300
1895
-51316
62468
-22132
97796
93576
-18441
-41308
46182
46286
-45988
96892
72073
22011
38777
50724
-58048
36640
1394
59480
-70211
-2841
2786
8830
24742
-59784
35635
73759
23289
15481
-24367
16498
71180
40079
-3116
-71197
67201
-88935
-14974
90505
-23578
-8525
-58796
3827
63401
-95277
-56720
790
-50939
1204
65871
-14365
-44497
-51486
-3997
26063
75561
-22136
-66206
30996
21263
-34206
93583
-77356
99323
-12757
39331
77422
-31362
28646
-57690
81151
-62964
16985
65102
80028
-91962
83369
4829
-6196
-83430
-79582
78520
89548
-80885
-475
85379
46888
8977
92729
91317
-22279
-26833
-7976
8743
-91403
73767
7177
12322
-49169
-9060
49834
-72600
85599
88710
-72111
-78662
-83960
-28450
-79773
39856
-80423
-80306
74398
46330
-37894
-95286
-54172
-9507
-1193
-89975
82032
-42166
6769
81939
59338
-19592
-95272
-75042
21968
57212
-118
49396
-25061
2093
-23746
-48837
-56928
15106
92475
-61534
-29926
-93904
-5604
76721
-11924
18196
65677
54686
49089
66367
27962
53551
-38620
74391
88764
-21507
-64608
-3807
-62174
50462
40011
36139
4534
56814
-795
29498
-17490
67264
72454
-21362
67135
75430
48468
-65507
-46084
-96828
35000
-32840
-4740
3518
58279
-35724
1800
33246
-15012
-14527
-57604
-50437
-6860
63290
33491
-59187
50463
11131
-14186
93407
88696
-64771
51453
92101
30541
-26125
-9752
-56551
34128
84988
-77275
7765
79753
31203
5813
83270
91973
-23155
34460
20644
-65596
60409
33383
-56742
1096
-37708
67738
8885
88308
-62402
-62153
13417
85832
-57447
-24870
-87796
76157
80079
14703
-32666
11689
26402
43386
-94828
-94656
-22169
80057
-4918
-14556
-84967
39628
-40498
-56586
55048
97898
63060
-92696
-95520
33051
57053
-49013
-79552
74921
14350
81769
88358
59811
43831
8278
73488
-96125
71822
-17717
15352
-53214
89198
-90028
47657
7609
-12006
-68896
-16076
-77184
48259
91473
-13257
51227
-61183
-49495
-20951
73073
-88682
-90589
26651
12937
-36341
40894
95889
27487
57319
-68594
64649
78493
-48403
7936
2030
7694
14075
64182
-27158
85485
-2175
19727
-49307
39208
-64791
78230
61416
53923
-76975
24331
41460
79341
-96547
57735
71081
54115
50025
73952
-28434
8978
6488
-28533
21077
-85984
6128
5921
-9416
-96256
9132
65945
42790
-10435
27450
-10918
-99708
-71373
83798
81152
-86010
-1180
62600
1226
-42151
64611
13541
-14644
89475
89130
66263
64478
3422
41397
30165
-14989
-7207
24532
35943
59399
-80740
-58948
34650
-32713
-40322
65173
81359
86800
-97718
-78326
75881
43201
-77577
-8279
61297
-80457
-68557
-99113
-80276
-29799
20244
-92001
16735
-2784
63707
18388
-58735
75413
-1563
55365
-81810
40204
54806
-2560
-61718
77163
-17167
-39468
-97595
-79462
28701
-17767
45407
-98156
-57524
-76027
-96326
54704
-46235
8055
-48210
35132
73274
-52407
14394
60141
-29789
-38603
85936
-85079
-44514
88966
59157
-29055
73558
-61349
37140
17343
97342
-52606
-88790
67736
80558
96546
53832
23850
47400
-34803
-20180
-25839
-74960
-43482
-38185
-7472
80824
67051
-71593
-46654
2740
-25972
-11636
88775
98342
58478
-82056
-63888
-2740
-14094
-92725
17460
32724
-88562
77978
30455
-89866
26658
78603
20032
17612
-37485
61600
-53464
92952
-34014
20577
48564
28378
25050
60470
-90806
17511
17652
-41908
35806
-99664
79648
-87813
68768
86913
89407
-52970
39322
92892
-25373
-50343
-24925
-99928
4323
-44621
30008
28029
-83277
-82223
62004
31676
20785
-41848
73707
103
87962
35387
21602
50924
91886
-16010
246
-23846
-8648
18437
28738
5964
92600
-80493
51394
-81408
89113
53976
-54029
10602
64880
-19618
-17010
-87069
-61728
-19921
-49685
158
-99475
-77986
11887
38734
-78357
-56404
32420
-64173
73926
-93521
30807
-88315
-7834
82316
52160
-21878
94378
-48900
52344
-7811
-16805
74397
-36639
-93289
-99524
30656
-17594
2099
9136
65865
47313
6517
46231
94994
71000
58863
83539
81087
-61279
-65175
1597
-30732
26578
50757
81471
-36424
9561
48928
31023
-92243
10804
91990
40053
49689
-83820
74181
-65178
-39980
-28127
-64052
3942
89776
-59531
-58730
-56229
-58993
-89041
75872
-81141
-89988
34177
62517
-31839
-50513
-46936
-38228
6460
92415
-74266
73757
-93173
99814
-35835
-14682
5141
-3777
73199
-91466
74492
27173
-80568
79877
-90518
83982
98873
-35683
37985
-56932
-43460
25050
-41951
60136
47653
-53704
-70737
51892
1097
63745
57635
-96756
25599
59101
-4869
59638
-75892
76254
13977
21308
51317
74999
-34449
69184
-94540
12885
-11521
30753
-16199
64867
12018
42993
-60164
-93021
-43442
-53883
16790
-57998
21442
13521
10633
-67242
76698
-50031
42230
-22353
-93751
28732
95093
30316
35652
-31948
-77746
9490
-71439
-73052
-51010
37388
43768
-62802
92723
-82360
69824
-99870
-22039
-38321
79696
-95911
31870
69475
-97256
17406
-7214
-54051
-93093
-4971
-37447
-32664
43750
54699
-48493
30866
-5488
-67230
68849
54079
65440
-78615
1268
56507
-17254
99398
-88106
-44188
62056
63429
62919
-76241
-55436
-90425
-29213
-78118
-56606
-96797
-48573
-17223
-87643
-46452
-26947
10067
-23790
-33229
-78178
-95879
61388
-16634
46625
-58115
80092
-82964
60120
57229
-88333
2763
58276
49398
-4681
-46088
34030
-54525
-64241
98194
-34058
-82214
-46347
96367
29600
-89380
-92853
-11996
26986
16396
46226
-73971
86665
-80811
-41324
-82192
-14652
-17316
96467
-58695
-7257
30317
42318
-99420
-73387
-22542
-95337
-4020
-59768
69265
-46325
-20433
-83200
-28296
-64181
-60260
-19125
71937
-87684
-10796
-41989
-35260
74215
-10551
30414
-10114
-18834
29362
8478
-33809
-93148
14602
96119
-32431
12556
-10743
61954
22049
-78078
-25970
-13809
16879
84539
-19988
35444
-63182
-49596
-5669
-37015
46921
-26560
27950
32375
-54657
-86640
46207
81961
72499
39719
82554
-47743
89181
7778
44043
-92695
-59328
65688
-99144
-55198
20613
-82747
-71580
-83541
85432
12983
24801
-95975
39576
-94324
44963
-30852
-54249
58491
-62656
-84892
-8706
11422
51432
46945
53094
68238
-5425
-94645
-39369
-47996
-25361
-39923
-92110
-48935
-97184
15316
-47491
-28354
74662
65068
-43350
-38752
24793
-23877
-54498
-48250
10259
53627
68989
-19217
-70536
55374
-65709
46183
-35330
32147
23564
-95039
-52335
-86412
-56557
82502
850
47513
-59547
-53505
-92918
44585
-97375
-59421
-11618
-22502
-33746
-71672
66256
-4330
-84321
59567
-4428
39601
-23411
-17044
-17312
-26671
4909
49705
-78490
-891
-35470
-98033
32898
-54256
-99176
-61892
48318
64410
95293
50106
-45712
-33823
-20581
-28078
1692
23021
-91421
45023
27099
94161
98270
35577
-37021
77927
56234
-80179
-64395
-58110
62256
-99678
-67484
-55294
75708
66668
-49151
19392
-62020
79973
44810
54472
27691
41923
-1471
91432
19615
5919
4221
-89756
-12799
57971
14327
-64712
35535
82016
70992
-39117
71947
23551
34629
-93242
91487
-82889
66809
-75681
71821
2280
48257
60501
-46585
78072
-84534
40381
-18592
-48770
78022
-70507
-98457
-42715
16520
-92597
-19006
-18064
-61476
-47522
36303
48600
-86210
-24487
-7900
32003
17278
76841
58505
71630
99730
-65010
41578
-80219
23466
36526
42544
58936
-86552
56695
20000
-38241
88772
-32366
-49559
5741
92617
808
31421
-56660
-53069
-33909
-3272
-31635
-81837
-56477
37080
58058
67472
12974
-88045
-73881
-29143
58976
-89777
37913
-8727
-65397
-61015
35386
-20154
79952
12291
24552
7059
-37905
54711
88511
-27757
-22173
-94547
20622
52513
21513
-72150
-63362
58340
5706
-97974
-15266
-8952
30086
-42906
31191
48524
-12068
-10781
22991
88550
-30122
9446
-95706
-63613
-49609
-80736
-72383
32197
-22479
3034
-40186
-22582
-60516
38881
-87327
59350
88002
58038
-7514
-77952
35032
11693
23251
-8981
-40005
-54018
32928
-63497
-37057
97751
-93428
-35660
-88181
-92766
92047
85408
25186
60121
839
48077
-94173
71596
20368
31589
80469
84421
-13731
-2329
82098
40368
48125
27022
-87403
-12654
-60017
60181
50081
-35831
84701
66161
55759
-11358
10190
68305
-29120
-29408
-5714
59147
-94629
-24577
-48963
-26004
-27301
-51068
-68320
62925
10625
284
7031
-43756
89768
66997
37
-66896
99956
-17352
-62321
-88774
42231
94320
-16302
27182
-62238
-74309
80623
-57108
58938
-8651
57178
25248
-87973
35860
-34837
46039
76577
15984
-29864
-61540
-74234
62921
-45039
-35174
51092
3931
89026
95499
89225
-8513
-30392
77645
31129
15551
-98044
33029
-38257
-85063
54772
-79145
76395
68762
74590
-76812
72814
-90338
88621
-17132
69773
-77203
26357
-21629
12837
-44174
-30486
-76328
-6478
86879
5890
38483
96876
-59105
96238
-77007
-93311
62258
-8832
-16352
61434
74222
33716
-1061
97349
-72214
6209
-79654
-59897
-72597
-94703
-28931
73331
67365
1785
-84796
-85166
-98883
-90925
-67043
54752
-71019
80055
-87272
13187
-14114
-68856
-9935
15261
-87325
72382
84684
-82486
-28159
44020
-38876
5273
91027
-17013
94138
20643
-22779
17623
8546
-35871
1236
-97124
46350
32615
52816
-8491
-80952
-37937
-58793
10
-93795
-77603
-47444
-66855
29404
-77166
-96000
-4596
29697
-50040
-25777
-65007
-30160
-91338
-47152
57089
2436
-99933
-75659
-39208
-33011
-81562
-90358
-98366
75058
3588
9841
81575
44992
98597
6547
-89759
-69341
74621
45417
76307
30155
24600
64179
91029
65200
17703
73635
34695
10203
46974
27515
82684
-14022
1839
13558
-29734
580
-39264
94642
64066
-75952
35218
18366
-45034
-38062
67751
81841
-19917
82137
-89849
-83727
-26352
57197
-7178
37129
-32589
-43917
-58275
-4641
-94554
-58440
80405
89208
77108
-74268
6987
31438
-45478
-28437
-51270
-39343
-63823
-82413
70122
18544
80748
-59654
-87142
-5894
-50461
-63508
-63439
-11299
-81427
26378
-47245
-17507
-21024
-65960
-95193
-56167
-24960
11541
59448
-45896
42058
-84021
57949
-16643
37450
18921
73130
-71022
53632
2719
-64987
-38820
8401
-52328
-69186
-53179
-97286
-62007
-26421
42262
43789
21515
-28224
31188
95340
-28638
-67945
11994
63983
43124
-62010
-57058
67905
47917
30026
-74557
35166
-18521
91881
-23887
70085
78760
-59246
88585
52166
-93824
21950
-43801
-98345
57132
-37925
90929
-23053
-77671
37208
33774
83834
-68573
-33931
91927
69227
51584
83336
-22585
56207
-42646
-713
-53679
49784
-10501
59219
29359
-45761
-45402
93393
-44598
47991
75412
-51776
53006
-64188
-48181
-655
99840
-28750
16261
39686
-44806
7837
93555
-8400
28111
-54701
-82875
91964
97353
-54592
45745
-24235
96831
-82749
18829
-25547
-48755
33621
-60455
-40280
6798
23989
98337
25478
85820
67615
26505
-71668
11740
14661
40717
85982
-73576
-34638
37841
31048
-42366
255
22903
-61668
90093
57779
-85089
-55567
-63876
22951
13298
-49895
-28353
30943
72409
86260
-96333
26567
41783
-3614
-73817
52198
65994
49729
12165
-21380
-67435
-86678
-43759
73193
32212
-86827
-81127
-98920
-41659
25223
69673
-38651
6819
-87434
-82835
73078
-23764
-80014
57553
-78691
51720
-60411
-47312
-18257
5737
-78188
-88402
25804
-52381
-41283
58813
6650
60520
15539
47089
3461
-69733
40773
95780
98808
8271
-66649
-14670
-79659
-94841
-47506
86709
85147
72452
91973
62435
36143
-92045
37808
42916
10617
-73346
-73529
-94843
-72575
88194
-63395
-36123
13849
77984
51647
96423
-40107
61348
-34487
69636
-69363
53071
-20186
-14939
6020
47203
-40317
-23787
-17448
20669
20253
54594
-2243
70797
71345
-39788
23508
-33704
98954
-13322
59627
96366
69894
56598
-9727
-4311
-24846
-11313
43265
-57486
-44184
-30451
-11190
91065
33604
70335
60067
-2316
-8297
-26654
41133
91661
52327
97165
-69172
14896
62125
-82401
79068
-93225
-12424
35415
29117
-56105
-32597
-69832
-24181
-74563
33531
49818
47889
20390
73365
-81267
85520
81059
7518
92886
-65999
-85684
-84739
56873
7897
-63420
23742
-79043
64184
65646
-88733
72005
69036
7217
67540
-16901
-44030
-36338
6652
31600
11033
72126
-6861
51356
-92099
-18696
-98174
6919
-67404
-76121
45603
-48170
99681
14818
-5416
-38939
-46635
-17378
-56413
-20660
41492
-80277
24427
-97966
92367
45433
-8950
95741
-98050
-79763
-44019
79745
-89496
-73041
-61427
97794
61362
-48967
63362
-91481
-43040
94303
-37140
-48329
50497
-54808
59657
-92126
31479
13034
71148
-15382
50507
-21283
-13776
58264
57832
37081
95498
60619
57429
82100
68914
-75743
7014
-27961
39730
17777
-96162
61690
-39528
74282
3704
-9848
37757
-15141
-37068
78361
-36503
-66850
-84258
-50195
17274
-49704
-30748
81591
-87377
46224
-24339
-87629
28574
80519
31621
-49936
73104
-56903
-72467
-29002
45963
38534
-52323
91500
-55831
-61930
-7600
3555
22002
-54477
-66629
-57066
90730
94701
-3531
-68010
-75367
98579
-3387
-75597
32435
-23706
-4896
90894
92393
-85906
47843
4352
85388
-51519
61874
-71033
99201
16715
-56022
-94480
-46571
-18642
-57751
52858
-24116
-41534
-52437
90163
17548
59445
91581
39902
27661
22156
-99384
-57494
-90320
-62692
-71287
-53890
8370
-90034
-73372
29998
48307
-17007
12222
20412
64137
12848
66470
-39319
-7430
57883
-46148
6934
-25683
4279
-68143
-90785
-24130
41016
88849
98009
-27973
-55092
84036
16005
-10332
-22694
-66484
86485
-62249
44831
-92701
-41242
-59374
-73600
-65991
-61434
-48401
-20102
-43067
-45686
-37838
868
-31424
-95957
82689
-5966
75143
-68454
-31043
46611
-14438
-45570
57813
49156
-43207
87695
67830
65611
-23183
-98651
60793
-716
95858
49013
69374
-51032
48453
21725
-94857
11526
62879
3661
-65164
-79077
-45176
-83729
-975
4016
46940
72852
11531
79698
-2391
58570
78982
-44640
-4347
54671
-49511
-83381
-61015
-99042
40812
-55440
-92711
-79476
-6313
67064
-86956
-4590
10710
-56652
7912
-15559
-46415
-10912
-78040
-16757
76900
-69816
36370
-5140
-47325
58195
36821
74825
80993
-57547
-87088
10995
66448
-67108
-58167
86376
76345
29055
72699
50577
-87795
28034
27015
-70112
-21712
44854
2344
89059
18894
-36667
99106
51499
-38680
91939
-80195
-62434
49579
-90595
-37203
47713
73558
7567
-13961
-10365
-1674
14698
15451
-2492
7093
-63173
-96392
56524
85864
-26206
-47010
-31304
-63653
-1003
-72222
10241
61591
-76496
-54400
80379
-86552
70507
99349
-65691
33010
25475
-26403
-33481
-24357
-3408
83305
-16110
21987
-59921
13864
-24454
86914
-31547
60343
35736
-61157
-2009
-35849
65719
82225
-19864
23613
33329
3231
-71586
-69033
11498
49358
9910
40828
-36244
68033
-18384
3784
13375
-7128
63786
-32451
-63290
17803
75952
86593
-31964
41019
84880
81973
69526
-97189
83026
-56787
-40224
86221
-78445
63204
17706
-55517
44270
57473
-45087
-43328
32739
85054
36260
-44900
-91240
51755
-53376
-40099
-77389
73045
43921
78412
-95860
87555
-57463
-55682
91238
-90040
-83501
87885
-45414
66321
73902
84362
-18008
63641
-56499
-89377
-73383
70179
14428
62020
-17584
1894
-44029
58840
-29179
-60978
-91796
52500
-35543
-97990
37348
63064
-28394
75824
-14312
-34324
27009
24761
67631
50315
-83025
13335
-82948
42246
859
55115
-70323
81834
42089
-96348
-6153
-14926
69431
17674
52520
-26868
52431
-13131
79819
-47154
-60858
-4422
2130
-14989
-50233
82823
-36182
-53029
86693
67148
-14784
-65658
-98182
-68597
-86500
-373
-52378
-2291
-44681
98162
-92067
77679
-53031
-61716
41056
-80364
-75300
961
36838
64855
-99171
-72385
-24920
-43370
-18620
-7574
-586
54414
-83543
94416
29463
-50034
11767
35809
72371
43224
17217
72265
90617
-57675
15701
23155
63567
11257
-28376
67053
24660
-16635
5112
-61748
60168
72466
-68258
26491
23202
-24501
-33944
-71912
52581
86555
-98545
-80102
81384
-82542
-80762
86791
-82269
-89618
21154
52150
-9072
88981
21940
-88280
38146
81260
84299
-73337
-69207
50999
48165
77265
978
56170
49983
-35951
59113
-57036
-12713
-76521
26491
-91747
-39049
-27820
-87557
-45111
75338
55958
-80051
-99698
-9239
63064
98736
-27315
28370
16098
43256
46198
-12790
25846
58801
-20398
96537
30697
-77284
-9372
-97388
-41376
-3549
-20511
-21678
-56230
12052
-47938
-71064
-59113
85556
52028
-12404
-35130
-3291
-90967
62728
-53896
-73599
-2863
-31633
-84240
98137
-37925
57601
8252
28681
57015
93068
45877
-21163
39157
-24568
44078
-48475
-46211
58738
38407
10436
47017
-98864
-49179
35025
-33709
-99808
-36999
-77724
3522
-9410
73939
-24974
49214
45641
-92724
70640
-58293
-96322
-36666
81455
-94938
-41847
40375
63356
-93069
67799
23325
1631
65524
-88183
-88195
-72144
39355
-81605
23835
-98931
58919
88895
-59964
44656
62974
-30973
-56956
59928
-62716
-78884
93297
98088
49093
-39780
53571
94884
47048
-46667
-46607
78907
-44821
-39600
48371
-20716
-28482
-92905
-41000
5841
-10040
-74924
-56101
30146
56020
55809
-39710
-3636
-88343
20587
99659
68306
-22546
-38514
79262
-77031
-26851
99792
-26848
72286
96022
-18268
-15191
-93566
-24760
-18802
55101
76394
-62656
-76069
-91104
46848
70962
25271
51588
-18326
38755
27851
-31080
49232
-10652
61015
-44906
-44156
-24552
1906
-34448
-23968
7868
67945
-37504
4479
33701
2442
42620
-56181
8619
37985
1028
-85819
-12506
-68106
-66290
10195
27325
-92968
-43475
33198
-61152
-46468
-79986
-91532
-50669
-72982
83982
-32164
96883
-93447
-12835
55258
76361
96281
14574
60835
-64726
72201
35358
-14847
-9535
87653
42172
90577
-33590
91279
71898
60196
-51387
15064
-65700
-17017
-76365
80801
-20294
64289
71008
-89380
-38793
66934
62845
70811
-16787
-61746
-31823
-59991
-20091
-9469
-73783
-85055
16943
-54642
-78024
-82239
-48995
93492
-26199
82165
-76490
70483
85085
-44109
94494
-22035
56637
44419
89864
-27909
-98924
-41977
-25850
-83689
12563
92732
47431
59655
-33227
62245
-97311
78704
-70940
96341
-79254
87449
78329
74160
-36387
-49041
-26509
-17319
-77726
-98266
65238
6003
46260
-5884
-9093
-68182
-39740
-73981
52411
96197
-32479
23359
-32192
-10651
-49582
-76101
-22780
92099
6379
-92941
-83702
-28758
26292
80559
33805
17829
87810
-97207
-61167
78896
-36336
56291
-90973
48519
74413
9205
57651
14637
-64957
-34146
66625
37055
78612
67351
-50190
-83291
28268
-79838
63089
-25234
-26275
-25361
-5505
-72129
-15388
84369
-84827
-7781
-35578
13329
-69330
8269
-17654
-85992
-94418
3294
87903
-69230
18662
62800
16145
-93515
-54346
-82661
53628
68671
27647
-93161
48919
-12299
61764
-26186
53269
-71813
34091
95927
37967
-50698
-78556
-28269
37738
45126
86940
19396
-717
-28356
6516
26979
53714
52880
-89189
83023
20425
37074
1438
59222
-23399
87310
94614
49514
83512
3702
-81424
-25690
-59047
-9534
-49789
37426
-34973
-56026
-20368
19119
-2606
43676
-19931
-99064
68681
-54845
90755
88243
-96676
-2476
-4754
-98854
-26069
14199
-48808
15204
58737
41685
-24631
-12441
-564
-74995
-63122
-33680
8337
-29832
62936
82020
-78663
-19183
-4469
79761
99612
-38633
-55543
53708
-77957
-36377
-73108
-27191
-8883
-57098
78061
-90897
-85877
58796
42606
22567
30844
80000
99331
57054
-91312
17922
80081
-84996
26188
42085
73618
91112
-92146
-69325
-49885
-85736
-30565
92856
18970
-26945
-17533
73749
94634
-5220
-40425
-752
-97386
5129
78888
-36291
-72537
-69322
73484
-15670
-63793
-91002
-40783
-54402
-71188
-2843
-32497
-61282
-37122
-17713
98315
29772
-3042
11706
-34157
-49363
-71796
93077
-61849
3746
-88026
97533
-83573
-29409
-52790
30198
-8754
-98563
1197
99167
-6884
26437
-98456
49676
71574
-25747
60823
-13502
-13069
53615
-8950
-20262
74547
34011
-77908
-5481
-81132
13122
-25970
67592
86019
71099
74753
-37809
-69745
56782
22176
-44318
48717
14877
2025
-54757
-45832
-16740
38048
93589
-90789
75797
56766
79396
7536
-39535
-94281
90019
12224
-98541
3723
-44409
-50306
-26560
37378
-92206
-26148
-48528
98116
-12733
-80393
61913
-13755
47902
-92852
-94204
-36234
29543
88783
33166
54940
67240
30117
3799
73533
-31624
-79767
25157
-73108
-42970
97503
-37204
-82975
-72546
55687
41992
-72303
32683
-89249
-85676
-23955
7178
4850
42968
12278
19918
16662
20222
-39380
6406
-53206
-61148
-74961
77585
-82274
73268
9765
98640
-88825
58970
17296
91612
-4977
82384
-95853
-57143
-99785
68345
-99234
52296
4131
34397
34896
-25929
5999
4899
-20071
85575
-11652
-39361
-43179
41711
-73609
78585
18837
18853
-44769
42981
-12108
-18696
-52376
78359
87348
-80327
33044
-5082
48480
-82625
-13911
21093
71724
-46078
64830
-9003
-96374
55813
18095
18722
97753
8138
69244
60254
-22981
61825
-56491
70359
-50432
29847
-13148
54846
-28197
-90512
-73976
84553
-16511
91346
-91257
-29037
65627
-94264
-56267
7153
-83784
-61863
-35572
99776
-47667
81651
-64960
-57266
-60949
-61453
-78159
69222
39372
-88340
39960
63955
66780
-70238
-3396
-37915
-84960
-34142
-80701
-45623
20263
34520
28544
78135
-31848
-63160
-6093
206
81066
97604
83910
-55452
-64974
21519
18256
34643
61821
-95802
-46817
-85128
-58920
81735
8418
-1729
18646
-94608
47054
-78579
48691
-19380
-23511
78057
-46094
-10311
-48601
-76430
74569
82572
26212
46748
22862
-87093
71635
53715
67931
-849
-25281
-9384
98898
-72719
-24866
-14009
-4937
-78780
25727
19422
37055
-44810
-44707
29805
94512
88450
-78292
40254
-97603
88140
-40613
-32572
-39310
-20827
70190
-24220
-29063
84673
-41848
-57202
3457
37567
42465
-79876
-12948
62755
-58953
20790
24904
51368
-60634
-84546
-19951
-33025
-44428
25354
-99369
48056
78136
22121
-34742
-15303
-46479
-52663
40371
-32841
-62947
-78615
7718
-85870
-2133
-83621
6538
-8457
-73250
78240
34484
-88856
-39600
-87274
2567
-7088
58562
-19453
57605
-39615
52912
26012
-51493
16065
-68641
27279
21242
27701
78758
78075
-92402
-74926
11672
32548
-28405
-84976
68923
41881
-86095
-20987
1920
-55586
-47244
20341
-86796
81154
79833
45159
5263
91617
18827
-52913
-95649
94206
37527
-144
51915
-33840
-63521
5827
690
25597
20715
-22788
-79153
-47518
-37008
-9582
-50728
9170
-40781
-35791
9229
-95851
-71080
-58424
56177
-67927
-38021
-47270
8749
68732
-64027
-99850
-93455
45847
-64290
81118
29323
42126
33090
5077
-89546
-27318
34810
-11536
5143
-1417
62624
-61058
10730
-99708
-47555
38627
-57960
-97699
-29059
29187
-55178
90022
68983
1178
-32695
25842
75730
-2241
-81885
-21799
22366
66732
-8698
-48608
95093
-97336
97037
90741
97203
-67092
57440
-46726
87731
65197
-16742
9546
94437
-56313
-42034
26794
-95057
-42620
98066
41315
12963
-85274
-81608
-69831
-57283
-75970
20734
49040
-68868
-61046
7588
53229
-77722
-91512
96303
-80616
89442
61723
44023
-52865
55891
-38232
-99179
7513
54493
12399
-78528
-87833
66473
-84427
55667
2280
54057
-81132
66952
78907
-6903
21763
-65161
33956
41231
-54616
-58806
55085
-83500
97696
-13749
85955
-23992
91104
22636
-71681
19798
-26340
-99126
-90530
-75456
72117
-54547
49268
163
-90212
92882
-94742
-92956
-5646
68675
-44991
-81761
75056
-49954
90294
35212
71688
-45958
-80907
-2234
53912
77474
-3285
-10549
-85103
84115
-49856
97553
11057
-48954
-46736
-94763
-64039
-51662
-53789
-33152
-10406
85431
31977
17909
-2449
1938
-99035
-71336
-64139
36726
-64925
-10120
-67967
57868
-71324
-35318
-75431
57135
74405
28474
94946
29281
25634
-46143
-23340
-61460
33669
98047
-36883
-99464
6259
-36060
-55716
-98670
-68835
-11371
-43403
-40232
57567
74219
-39122
-10325
59091
-22266
-73739
23794
34128
88786
29259
92167
-74635
-99835
-98278
96917
-52794
90639
90372
32111
93655
67096
20659
69744
-28040
34790
-75406
70712
86176
68608
57886
-6487
87124
48143
31084
75758
5313
-47698
-19585
22367
-19255
94531
6317
97979
-19921
-68083
-59891
18796
-50134
-45934
-1194
43821
-43523
-51030
62298
13419
52946
-22499
38929
5384
66061
-51436
-25662
25484
95223
-17956
42627
-52363
-6074
1873
83086
80265
22466
19391
-71886
-40552
30588
-60114
-41691
-36557
-98658
46338
46027
50663
-41072
74511
-22755
-85469
-62612
-61703
-89390
-1723
80097
-33965
88264
43045
75956
2004
-94877
27826
43997
-91690
-38601
-39587
-27056
4036
90163
35122
31116
-52143
97328
26581
42560
-87524
30490
-64844
80445
-49929
40210
-18712
-17064
-15506
-75818
-77100
-23791
-99645
95161
54807
-44973
-18090
85157
28574
-96274
-10761
12499
84954
-59370
-10727
61699
-7867
-48083
53561
-72376
755
61006
24513
40421
-18729
70431
-77069
-28767
-63283
13424
-15058
65609
-10611
-92239
-38697
25867
-93391
23165
-37423
32687
-60182
29325
-98607
96056
99010
-21180
-11648
42827
-80563
91627
-84583
43480
88725
-49766
79767
-89736
94055
61295
43681
40800
-87183
58925
-50683
50125
-20697
59180
-34409
3310
-48333
-20021
44450
64336
-86041
-82772
26409
4984
-36238
-43749
-47311
80945
51628
31643
-26875
21002
89295
-25067
-15163
56805
-99670
82433
43612
12536
-43089
-6909
84614
-99839
91438
-44760
-66928
78937
-27780
91346
19205
-26843
44211
48441
-30441
11720
91612
-26658
10955
50044
41387
92342
37967
-87992
47687
-38850
59107
31083
-19827
35234
-23171
-91132
-11804
48646
53201
74886
49237
68485
-34388
-66667
-61238
85096
22710
-52816
-41883
71050
-27004
53517
-5311
26444
-57245
4158
-88698
-47442
-2551
-79892
18155
896
-75676
-57478
10417
-33257
32159
7800
-78965
57880
-64438
7410
-33144
20819
66900
-63282
16420
-53202
-32447
-54712
-86930
-67797
86018
86835
79256
66865
-82791
89878
99132
3314
-26254
-33307
20381
-25378
22280
82616
-63854
6784
-97842
51923
-9285
45407
-16274
-75641
66833
8585
21704
-38108
-17251
-21433
57
8534
-76240
81971
89170
-75604
-89799
-1903
60997
-6843
-29531
1483
-45554
-32650
-1414
-50532
-88298
44623
-4245
-10442
-86937
-80531
-29625
74301
75699
36575
44219
-21805
-51996
-9697
19992
47595
54955
-29889
34899
-69911
364
-21697
-5467
-60870
1752
54523
-71015
21681
-6899
-53827
-47702
-18544
22239
-25590
90326
77128
49418
2653
-77886
55460
-25367
24927
-57190
10744
56898
74812
37404
-55537
-71951
41465
47411
-7578
53661
89206
704
-52907
-6010
57323
-99557
33696
81689
-43328
-40030
-8108
95423
-79056
-58087
-31775
-82671
96512
15473
-24270
-7929
20129
-61907
26831
83292
93051
24137
-39129
4127
50940
16152
-90124
-43369
70132
66154
-74509
-29446
-41693
-44166
74903
38809
-8010
-70714
79369
-27421
17498
-1791
57567
55531
98664
-74383
-58837
61449
71002
-85284
-88549
-786
-48308
-83617
23062
71294
3158
-90363
-27296
-9988
-7765
84302
-33945
70321
73543
91265
-82822
66848
-10975
83176
-80399
-5122
-20704
-98644
21578
-2328
-49323
-81011
77274
20471
46472
54844
-15102
-81645
7096
-99209
-17539
-25468
-53960
20024
-36726
57848
-70762
-15456
11484
-9254
-8134
-57325
52286
-81225
-44709
-69138
1300
-68065
-67084
-1379
-72330
-90062
-5590
-13700
-40670
83310
30371
-76012
98515
-81766
95174
-16898
90287
82394
-93328
-47489
29691
22554
-90950
27204
52352
-58851
-17511
-63895
33894
-48322
59148
1545
5839
-694
-94814
43134
-5229
-45694
-66656
-25650
-29257
44048
32260
-98107
29629
62162
-42549
-83030
-55231
-2338
-43344
-74570
63678
13783
-52579
81553
-78917
-14479
-39391
95258
-40112
-78932
-22738
55703
-74906
-3007
78593
55499
-51449
-43603
35254
-91044
-94679
25543
-82896
-53576
35287
36469
-89133
-25067
-93221
-35058
-24465
46153
-27640
-53606
68819
35180
-5747
-10700
-44840
5218
-13659
53858
-345
57880
-67381
85852
-96254
22854
-78736
58586
29408
37451
-19302
47370
18214
-37259
71650
-81080
52652
93919
56572
2114
-49623
96701
74544
96379
-68608
-31292
1161
-99735
-95737
79464
17355
-8408
76661
-40745
81406
51782
-8942
17211
-54982
-46260
-52243
62633
-71919
-28590
43705
-45880
-88146
-66721
-93035
2397
-2748
-52420
