-33560
78462
4770
-12562
-30942
17259
10076
-4940
-29857
77182
-89234
90369
-27522
-77617
-89733
72696
-74625
-62954
-70642
-90628
-9684
-15546
73413
71441
-67252
-49973
93965
-28406
17847
-88096
-55480
-8495
92948
80303
-64843
3201
-62547
25943
48897
-67686
-31528
-13437
54244
8904
16106
25759
14072
-5919
18243
-71153
-83553
17206
-59374
-91982
-99519
3729
22640
-73526
87219
47512
26222
-93235
-732
-71680
74621
-22332
55186
-83242
-45669
-55659
1359
-22908
29395
61395
-91153
-97234
-64539
55450
84366
-70034
-48686
3101
56950
23076
-89026
74748
-11385
17456
-10577
-82590
24411
5397
-41497
18703
-42212
-32332
97401
82190
-56559
-32828
55791
-70956
-31633
-74606
-50031
32666
7891
-80740
-2790
-20138
82424
59666
4137
68209
85269
72551
53053
-78513
16848
81499
-96218
-66317
77579
-99410
64275
24471
86316
86301
21258
91031
-78370
49884
-58514
-17135
-79651
-89922
97090
-13294
-34217
10485
-28124
40578
18614
58562
85235
-60165
84453
-40991
76074
-41742
71294
71514
470
62442
39790
-4508
-61211
44641
73397
-26560
83577
81457
-93477
10348
79477
-27519
56315
83106
48556
-97039
32810
56429
-8243
79481
9172
67370
-37142
35650
-17500
-4098
84260
-13732
29012
-62996
-68029
-12809
-587
16598
77553
-59368
-61314
-87037
-82369
-17199
-12779
-82181
37718
-30369
-66441
-77256
-65947
30088
29002
79205
-86932
-51382
96013
-95418
83798
-71540
-66614
70570
-40134
21005
72865
-84925
16446
14322
-53171
-87290
-58898
18469
52938
-54514
15977
61026
11397
7596
-46868
-97967
47425
57415
-54953
16501
-71080
-5015
53991
10691
-73375
18927
40744
30190
11614
50143
58549
-97842
-19584
-30150
30487
-89859
-44342
65135
45705
-42647
29942
39827
-5196
-11364
-14969
-66358
62201
54972
90547
-84135
67894
918
-15430
-4172
-65392
-88821
-92389
16382
87702
-86884
82446
-98865
8974
-67865
-57947
45714
-71774
-10300
92265
-90342
56370
-15671
-17997
58809
14171
-66668
-85582
-16636
85613
2314
-74063
-28810
92325
-4112
93853
-46747
-78586
-24442
-39204
43340
-56156
-85008
-60336
21459
-14039
60757
9240
89817
36531
10055
-95148
-2571
80669
53968
62690
-15457
25345
-53206
34775
99457
66667
53986
50417
47796
-76550
28599
-14818
-48069
59269
45499
95546
58026
-55895
80805
1578
-321
3472
61139
44890
-38925
95843
47475
-46546
-21702
-25637
-92916
42536
36824
-76346
-63647
46527
48247
-76897
47411
92288
-63379
41976
55330
-5786
-80712
55668
-15124
-7472
-59824
-98536
-47942
28174
-30384
46429
51067
-5826
-66676
-3355
-81773
-44522
-66513
-52071
10954
-75736
12045
29351
33477
90137
-3086
-69613
-77642
-68697
50650
12568
28550
-80684
70553
60315
-93487
42069
-40170
73861
64316
-65176
49945
73362
41649
-25780
95008
19863
78763
97036
-37717
77841
-99824
-19790
-86070
-44351
-90268
66240
90443
70187
-82491
-95248
17799
46160
21905
71015
27756
-85842
-14051
-32805
-27941
1506
-28270
-90217
59611
-78352
34294
-41149
-1113
98834
-81613
-41017
45389
29143
-42106
-90398
9609
-94682
76518
34069
18880
91291
65425
-5871
33461
-30494
23208
-19168
60591
36601
86366
-43473
-68448
-63785
29408
53660
93574
-11992
-10989
-26235
31096
74264
-30387
-70613
-27554
-82130
-80665
83282
-51378
-19006
-876
-28220
-36778
-53328
71620
1196
-22256
10643
65862
-33038
47155
-8380
-57969
-57151
48056
-30464
-51621
-35120
4564
69398
-1577
-71315
-19847
63187
26963
-22148
95459
-11627
-69051
63790
92699
