71802
40845
61680
-81418
-99630
-1553
5861
58134
-2934
-75767
75628
42570
-17021
62108
16728
47069
-85679
48113
62221
-41399
-86740
32194
39616
41000
-85208
-60305
549
37902
-78978
-69082
-53345
89344
-26870
-65824
-63180
11208
-35546
-94228
75092
50900
-81071
18592
-78026
-27802
17174
-41680
-30320
21427
59979
-7205
-77795
73278
21098
31367
38618
-88214
-16287
-66218
-25732
29018
-85762
-74014
-45570
50149
-90248
22323
-47843
-73320
-9302
-88338
-77299
59064
-42471
1738
55558
43913
-93028
42718
37035
-45192
89073
-36655
94164
31951
-57429
16855
-79403
-64142
30469
68305
-9619
63047
48486
78635
-36892
61674
1193
-81202
-64867
32510
6551
67266
-11058
-12878
86237
-51208
57783
46165
-80187
29233
-69221
26858
-2530
-43753
728
38667
-81383
-60742
15776
8494
-80470
-25756
-80800
-23190
45993
-72977
40462
16991
-53992
-5562
-96701
-8379
-21210
-58391
40548
-38191
-32137
-36561
90059
78274
-26190
-21252
-64572
-69393
-36367
-81850
-96887
-92584
-75928
25188
63681
28547
-72910
65373
98874
-96185
-59670
41657
-38088
-3500
37829
-48721
64588
43933
44410
95877
-55070
-74709
-69633
25856
87299
-64274
-64149
59671
-86618
-1962
89459
81324
-85452
54623
52358
-54217
3607
-95050
96055
-82174
-80886
-17
-22196
-56649
-30695
87411
-97979
-39701
-5138
12749
-56543
4749
-16422
-62592
-23968
43488
-15020
-5209
54656
68572
16548
-4717
92373
12928
49311
2162
53739
79314
-30408
-46246
-51101
-15842
61655
-50048
-55289
27285
71022
-62788
95905
79869
-54158
-83770
-84687
-64349
96034
-28504
74380
-70624
-16257
-39712
54196
55494
-47051
-30932
-27361
-16633
-29499
59380
97392
63707
-20601
91848
-8183
-40727
85992
7262
89971
-60368
39532
-30263
-20913
51816
-96746
-34518
-21653
31999
-7266
90835
-96340
-57352
-42700
49476
99253
96731
44918
-86891
-37724
57867
40978
-28404
44524
76602
22928
-31673
62045
89879
-42374
-6985
8475
-43412
82592
11818
55623
62947
-49067
-10518
33722
-5520
53198
-89572
-42760
-84623
70458
-61999
-85797
73157
10739
-65457
-28075
-15622
4830
-30343
55578
-45283
86542
20344
57120
55521
-66193
-19287
-98718
37080
1690
71278
17877
74316
-46514
-85077
-27162
19550
47312
-7601
-69005
9644
-96731
53320
-77212
-31275
-32204
-29144
82668
6617
-17081
-50021
35052
-82952
-87968
2520
79641
29626
15666
85336
-77334
-25516
70754
75114
53709
-41050
-65272
-67831
57280
66073
19850
69646
-12775
57744
72085
-29086
36260
-35315
-35430
-78230
94604
13277
16632
-35269
30051
90282
79035
28028
90369
-20271
-10554
70500
98597
74293
55347
91364
84218
-62542
36198
51604
16170
-41027
230
41974
6177
-50688
-92689
-87419
-61380
-97667
-94872
-89026
-81341
59981
26804
-7852
70970
-15572
-97744
-6462
-39290
19214
-52573
99361
99936
-56280
-41818
-44441
11282
-50781
61474
-67324
30031
79777
44905
11541
20620
-15803
-37605
-85853
70713
-2349
-6508
1834
8687
197
43807
-80636
-26352
-40275
-17495
61133
43346
-21282
80905
-90490
-59714
-83908
69782
-83310
16859
94842
-74972
77370
-15514
31523
-66670
81124
-44368
-24852
-34509
65243
60644
40753
-30279
84549
559
78745
-43918
47886
40119
13206
42953
-5062
-38691
-61301
-83609
-70529
56821
89423
-71855
-94644
15849
-78556
-26241
31141
93152
-78992
27148
52357
64003
-14401
-99512
-46022
29089
10099
45016
42213
-28678
-81958
78740
-7435
92272
5975
-90870
27433
26738
-68812
-86073
69312
-44250
-2209
33626
46275
97048
-17020
69165
-46226
21598
43073
39153
-54357
74858
14996
47398
-72837
9822
66832
1383
-96659
-71886
-95902
-93237
8686
30027
-7355
77781
-32026
-87036
-2979
-22556
74972
10527
43338
-64571
-67889
-41472
7481
-71920
-3361
-38720
84904
49543
19157
88040
-17518
-65305
-52634
-85315
46511
60769
-70499
-6004
74557
-70245
68756
-59406
6592
96324
33220
43265
88849
-59752
33292
-36259
-81716
-77024
-88826
32835
-65658
80927
-56015
-14854
-75116
90080
-97659
-63169
-66076
-19687
-53271
-62513
22691
1509
-62074
-64851
-8301
33922
31532
-60325
57501
24118
-74560
17438
94405
15393
20532
74173
-33589
-3378
-37903
26271
88630
-92855
-10243
-22476
2236
79030
58387
70581
-45218
90434
-83038
-71300
-20445
54193
-14955
-54426
60920
54820
-15877
-23153
-94917
61479
40297
-71679
-60260
65958
-90175
-23558
62572
97737
60593
68801
48783
-77865
-32830
74498
-55140
-63998
-39220
35020
-91053
-91099
76651
-46467
38
-41316
85288
-63479
90300
-36514
-80750
-3759
-7388
-91017
13579
-74618
-86657
327
9545
-66519
27834
-32965
56925
-92165
-5292
-96807
-12979
-78994
90485
74667
-12765
17873
24087
-10636
70203
-5639
26509
67525
-46039
-89217
39808
5558
97377
44925
-46673
-34977
12620
79202
-91051
-14163
-93027
-90399
77716
56598
41094
19260
33
98877
25358
9385
49099
34048
-73098
23689
23184
-97179
-64019
83649
-16692
65838
-5101
-14152
86874
14444
-45800
91384
28677
88602
61447
6956
-37993
70346
9573
21094
30317
-53709
-57279
92332
-4883
-9530
12697
-84072
49726
8313
15933
-73880
11513
84649
-32481
-56639
52230
-11060
-38351
59147
41472
82457
79996
55162
25087
-57274
-58847
-73426
41643
30376
-90799
28141
64653
-339
24405
-11724
-97036
-23276
18654
-76512
26353
67634
28163
-44188
49860
-24186
-43154
-32027
-42619
-54069
12587
47338
-81888
88542
16736
-72443
82014
-97322
-15174
96583
95117
5037
24932
-58067
65534
71006
-44436
-37527
-4346
65514
29448
82799
-88559
-62812
-2188
-25247
37761
58345
83587
-99039
-17951
52053
59913
-25305
-14927
-62516
17986
83664
95827
20931
-20373
-48142
24018
-77590
58229
-41837
-7483
-5824
-90138
2217
19965
-15027
-13419
22505
-84329
11330
44252
30787
-49765
66572
41949
73959
-40225
-75447
-5630
-31839
79725
-23457
-10992
-27020
82077
-55874
-27745
50625
-64059
95776
73651
-36756
-71724
-43705
-10399
-13865
83761
-19904
40319
-52778
34810
29505
-94441
79767
19415
86726
-15372
-80472
-96790
2744
52110
62487
33904
-32788
68045
19389
-44503
-33459
39773
-63343
21475
-78478
95780
66642
-2724
77498
32082
9370
13438
79818
37378
23908
12986
-52393
-4526
97937
-76170
62737
-49440
-6
-28516
-50346
79687
-34381
3755
-57991
-53620
-50714
27011
11349
64372
-85772
-61805
70190
16735
-80235
87359
-3983
-95701
87082
48603
-5891
-27690
42775
85962
54381
-76579
-54928
2168
-40322
42158
-67823
-99903
-15206
30980
-35496
17642
-40424
-78409
-7856
77148
48124
55449
-36581
54552
-26016
6738
-3694
-95295
75033
73645
-67196
-7112
-8918
-2574
10730
22376
30037
-27831
30435
-52939
97303
96991
-29164
-82151
-26239
16078
19950
83098
16746
46560
50097
58044
99210
-77583
3286
33091
-7763
83460
-50866
-69647
-4701
91524
17950
-54458
48480
-82926
55602
-52233
-16741
76213
3556
-30670
42633
-78332
-53935
2193
81504
-24172
-3658
-66335
36943
38250
73901
83935
-5792
-69004
3243
-50757
-27698
-79859
81006
-58651
-19592
-3985
34240
-30976
66899
96094
-18025
51227
62400
-21362
-8916
62356
25383
-71014
-81913
-14741
95308
8588
-70750
-28386
90356
-24829
73145
39279
-11844
91591
42838
22176
-67721
73592
17209
91471
-69720
91164
28129
9550
-5536
94686
-28378
-79946
-21268
-13938
-53154
50369
72359
56736
-56871
74614
41055
53852
65976
-65961
-17143
-49789
61987
-63368
-34879
-54742
49311
80476
-34743
-29389
-81416
-74308
10864
-31646
45621
-65207
45750
18513
21708
-81989
-4670
23875
28412
18165
61501
83362
-1027
-97232
-62310
-1462
50483
75906
94282
-71292
-94303
51223
-37382
-89577
33079
68892
99422
38639
27483
-67416
7902
70247
13230
79769
88180
51422
95770
54997
-33204
34264
87201
-71134
-21292
65573
5506
-46109
66409
62237
67686
-28930
-44636
-41370
-61886
50182
25555
48966
64631
71386
52440
-15940
60141
30379
32907
-21696
-17196
-46831
-57551
-7565
-48948
-38104
20270
4912
-33806
69094
92196
-38505
39644
58771
-70268
82160
-97182
31253
82397
14445
59145
-6016
59776
-26849
-86109
32453
-23130
-98371
13645
-10032
30379
-5221
-5796
-32447
-96775
-37152
11109
-97008
-35908
57411
-42886
92710
-92068
-33467
57048
-30647
-88255
-73619
78728
65517
31150
-59053
-53683
51360
-59285
70405
-65592
-39357
45869
-875
-40505
-85274
-96956
74339
-63593
69176
-57901
-59107
72918
-87754
80257
-85990
-65667
49667
-48823
79922
-74820
-20781
85272
-26961
90667
65938
77849
-20620
-80780
85446
22365
-27928
-66262
66704
95900
-30299
-33688
77916
-83948
-88579
-73738
76416
90310
-51532
-51644
-34885
-54589
-21741
97090
-53812
-92376
19466
-78286
46143
-79061
-40546
63371
73688
-88704
-21952
-32944
73613
9401
-27370
53272
-29940
75410
62549
19031
89156
77800
60765
-72501
44563
-65563
22189
-42374
10312
799
-51449
-34691
-22602
-94076
51277
-68434
-17550
96760
84280
-63830
21956
41298
-21135
29872
-74630
18006
98502
-39536
27005
-98408
-46879
42873
14339
-71892
-24579
20913
-91845
-15379
92030
89250
-1305
-50084
-19239
81683
-27524
-4474
90868
4014
-13913
-53222
-25463
-20632
83688
99942
-50775
-25410
59412
261
-55035
57202
-21672
60183
4117
56619
71920
-84379
53059
-82063
75833
54099
34974
22964
54032
-49537
-82034
64021
93922
21532
-83347
43992
-2193
-66632
57515
-93872
9907
44364
49093
-68687
7666
-93371
-98992
46950
-92274
10446
79650
-80636
6173
73773
-61651
-66645
-13910
6631
-23914
-37917
-84297
78952
-91678
-73907
10156
25355
23566
-64379
-48714
21508
-90642
-87118
85172
18207
-84040
29827
25302
-1087
-42048
97364
16621
-30796
-59706
38747
34239
-92662
44448
-74132
-85422
4907
2300
27073
19233
-99756
-99648
91716
85842
39820
57174
98336
2255
-45939
-61011
-7918
-82304
-69601
12696
4960
-43655
21851
-74885
94149
2284
-78238
47576
-26482
-36036
84713
-14105
-93639
6040
90776
91440
9932
-66510
-95070
-9506
84646
87862
-32300
82265
79824
-26470
-42681
-51512
-57958
68683
-83525
7356
-92929
83837
90743
-49839
-6669
92014
-39397
89049
40653
9955
21744
-66183
-84894
30132
64852
42160
-87367
1066
-39412
-50068
-57412
45279
4000
-71010
64592
32647
32213
-26932
40809
-43299
-15557
-84947
-28307
35793
27068
70012
-83822
-99577
-81457
-123
22617
-57259
-55261
9749
22872
-6401
85397
9969
-15111
19189
88992
81285
98776
12617
-67912
-89667
-97037
-2299
-44192
-83142
-75519
54963
-52332
19855
-14805
-720
5297
47266
79519
-51280
-87002
-78283
84114
25910
-86922
-33793
79557
-59283
-33337
47000
41977
31199
89766
65332
-40808
2765
95887
-98991
16534
-12533
-3239
-57690
-33473
4582
-52244
-16739
-88659
25018
-61157
-85872
10683
-73301
-80667
32680
63221
-72690
-3742
-64577
-81699
-92503
70784
67821
-96935
72930
-11648
51141
-12171
12545
-43311
2446
-89483
3069
-23718
-65995
-55519
75480
25932
-93548
-66970
-64147
-84171
-38442
55373
75874
13883
86039
84566
26974
-41117
15580
22364
60810
-80035
75068
16088
13372
79764
-47564
59237
-68253
-29709
51497
-67169
-35960
-833
-78672
-53478
2535
-9156
64387
9724
-67080
-85491
86507
-90074
-27617
-51840
-99508
54089
8323
45412
-54196
58960
14622
-32928
70051
-26641
6859
9442
-21243
-66038
-89629
87905
-66824
-53778
-5641
59356
-40732
-46485
72600
-26524
78863
-34679
-27943
35607
-18012
64432
-14876
96741
-19399
24209
66199
18314
-40011
51089
-3873
57597
-63297
70562
-80514
92982
-26350
-588
-60017
90058
80323
-52551
-88175
6460
-56941
7073
-3367
8802
-72574
51226
-44237
15576
-16293
-49201
67433
98394
8886
81647
53595
-44428
-20441
-24000
86708
68563
23786
-89938
-42554
-70301
-81917
-53935
37316
-19119
20542
-64321
-7714
-68794
11133
75106
-5765
-98885
-68595
-67297
-62870
87028
-6409
-74300
29236
27281
35769
91627
68101
33091
-16132
95292
-25759
-24059
-80305
-60479
87996
51773
92116
-93056
-71292
-79617
11455
75729
84638
-57275
70606
83440
-93462
-80904
-67546
34577
-48319
38486
30851
78548
-70464
-12000
32770
-29772
-715
-20349
-111
-75958
-62974
68655
-6618
-85027
40026
80148
-42839
67282
-82844
-38048
-69761
17717
-76922
54369
80196
22581
-65483
90458
-27612
-12194
-40957
32800
-8352
4258
23088
75889
70174
-64056
-24311
-78774
34090
8053
13296
57731
54597
24119
-19177
-46318
-32084
43373
-40131
-85758
82263
-93636
36374
-21812
13000
89847
-37029
27613
-55402
-50257
1518
-94201
-37165
-82253
12178
-83101
3561
-40823
45495
92157
-77537
-32665
40265
-63391
34460
-82517
921
-43957
3105
18493
39304
56005
-78567
41696
90579
6105
24976
-23119
-25208
51683
56744
12529
19574
23558
-82608
32725
38280
16440
-70512
45223
10116
86546
-72266
20041
65989
17060
-81344
59891
45232
-52883
-80932
-72449
71193
-19226
-70517
28875
-58980
20191
73968
-24566
-41983
-61450
-77334
79371
25538
-48418
84576
-99178
21288
-19589
-84956
-60673
-14806
95090
19826
59262
-63252
82428
-54530
-17953
50978
-82907
-4804
85340
-74728
-6172
-83119
72177
51451
-92879
26480
86237
37949
-67863
-86465
70572
-16956
28398
-24931
-98318
72558
52873
-45620
-17839
32176
15200
29423
7226
-17514
-14644
-1075
78971
-53348
-90154
-55394
-16512
-24906
80046
49663
3715
57902
15237
52685
77481
-37352
13874
50725
5195
-69785
96105
-83030
-63378
53383
90207
-36826
-71539
66756
91658
4098
14599
79505
-80655
-69076
73528
-9505
-30638
52308
-87082
28517
80860
4641
7224
-7424
39082
90912
-77722
32198
-69216
32444
-92366
-45047
-23927
-54497
-37903
-70577
-12757
-38307
-74890
-71888
-97661
12561
-98965
-78681
-24859
98327
82941
-9428
18101
12529
16192
-66781
-43999
-84945
51434
-61026
89522
74638
-12967
-89792
-65220
-82109
-64560
99017
97513
-14401
-5427
-27155
-78184
77795
-59557
1636
-56684
-95263
83447
12497
62222
-64088
-30547
-22164
26618
4722
72466
-13693
67337
-1540
26765
35117
-51156
-29578
62946
26877
47957
28843
39858
-1094
-98541
94010
-24408
9399
-32060
84042
-545
59225
86332
-13352
-58119
-68512
-23670
93403
55428
27902
48782
81120
23519
90936
-30667
26383
-93857
61767
43370
-68466
17189
96159
-87131
-75666
-33067
-76164
-38062
-30622
-75046
26441
11127
76136
-11244
-55503
-20191
-12043
-60261
75502
-13051
-82969
-46325
17835
-5241
-6667
-10565
6428
78240
40791
-80791
22393
23221
44065
86827
65960
-84787
28946
-98983
-62260
65921
-65630
-35355
-83176
-94385
3899
52827
-12095
28874
-78156
-24158
48710
22362
-60412
-15094
-77101
-45346
77861
-32534
49851
-77487
59985
-89734
97067
-53811
-65619
99800
90332
66277
-52941
94598
-40150
-96250
34094
42550
-74889
-73223
40846
75705
-53178
7575
-71971
42085
62542
-41606
-53125
-86735
-82931
32079
-22148
6488
67001
37155
-58315
-55422
-3399
-18384
-18194
34782
-95156
27527
-11318
18691
-54713
81573
70723
-26713
76605
-20890
38628
-75076
-17234
-41181
21186
-56994
-327
-89321
-61143
-71362
98180
70396
-38626
43564
57068
94226
-59861
23055
-69163
54385
74423
43980
72233
-15965
-94786
-61111
-44755
63048
89110
55138
97966
-79149
24004
-14747
45772
73786
-47282
46073
-93547
44534
-80742
-52421
99591
59944
48090
-2599
32419
-62478
34682
85881
-74507
47052
95042
-6009
-75092
29255
-7207
84868
-57579
-95234
24846
-21893
1101
54564
80566
85133
52815
-20333
-81408
-99854
-61561
-69931
64843
-59716
89547
15208
-74745
73340
-42441
-97475
51514
64559
75145
40203
68041
-49899
-1736
70068
-98758
-42555
-75119
6660
-84055
-30630
60889
78566
-48174
81902
32353
-67992
5635
-62661
-55298
86540
56306
-36054
32199
41363
-49409
-9880
-27892
73675
82689
4679
-28442
-19541
-17206
-63760
32765
94229
-27490
-20671
-10302
-4691
-89548
30898
-49021
7505
9915
75277
38235
-45157
8066
-73158
-13137
46883
-36455
-10256
88355
78893
31869
87888
88337
-75759
27233
26582
56641
29552
-5133
18697
-41082
-72667
-63701
9032
-78633
71782
-90122
-74038
5445
-49671
-40150
29775
99941
27481
-79268
87429
96998
97259
-81911
91476
77080
61669
90114
-21508
-16224
48243
-80690
-11167
-71407
87476
-98574
-75033
-88971
-83061
98182
90728
28664
-7521
-51377
96384
36288
33711
-46993
82175
-8164
-99890
-11512
71813
-16847
90406
-87311
25538
3427
-97437
42194
-12815
-71895
46099
-26780
-73579
21213
11140
85442
-38197
38726
-83519
-69029
24043
-55563
-12828
79286
-68886
-92288
-37824
81931
-42831
29508
-67001
-31616
90636
-32202
79255
67146
13621
-42005
-66536
-78577
54461
-35312
29536
97215
21467
54154
-53491
76304
23525
-93893
-20843
-83568
92053
-68261
-21362
24403
28922
-13076
794
-64115
-59313
-58174
65502
42827
78986
51502
84330
84777
-5766
-60172
67365
-3847
-4720
-69940
-58574
-18737
-71633
-82661
-49106
-18943
-56088
91732
-31610
74305
1447
70896
-26793
-72999
-10889
54577
-82120
98377
34339
45837
-75418
66644
-91998
29188
-67883
-13042
-99239
29088
-19784
58377
-25359
-19255
-85496
-75240
17344
-35666
-29620
86413
86250
2582
17589
51340
30416
87612
-86380
37023
54639
95592
36447
21081
55819
-65862
-89498
68682
-14149
59668
-38317
-88733
47751
-25323
29168
-68742
70814
-84345
-84126
6133
-85342
-87185
-15831
25269
-20830
-51419
-21138
-37609
-86868
73929
-34372
1978
-31079
31429
-86699
-79498
-78801
75044
13525
25493
19309
-4454
-69855
44366
21835
40678
-83508
-68701
-7186
-21568
-41834
40584
-34022
89018
-74657
22926
24809
-2580
-11290
58644
-46071
-40957
82194
86903
77702
5659
84159
42921
287
-85412
1237
-90311
31684
-72099
-50632
34717
18421
-88515
757
58860
38647
-95808
-66163
6762
-31547
-55018
48076
95647
86106
-76010
-55594
82214
28601
33071
-67275
40222
-3889
-9051
56532
-19856
74919
12740
6255
21266
-12237
-84844
82312
-533
53200
-8099
-22250
-3205
-74056
94525
17083
-79776
-68920
42453
97092
95685
79558
54270
20989
-96710
-18692
-98262
4963
69363
46584
-48762
26692
28697
-35866
63588
-71145
-29618
9593
38808
-94942
-37223
45921
77101
99206
-3819
65655
-96124
77361
-2979
21381
-4644
39058
31985
89634
-70028
21209
50233
-63741
-80261
2372
53008
80447
65173
-14045
-78734
17316
-85523
91851
-88276
-22318
-67651
48590
51506
87695
45520
79358
46186
-16254
69740
-69564
-33435
12665
63021
-7403
-78932
7384
-54604
35060
79317
77929
12214
-37152
-78669
28472
59821
-69874
-67340
7099
-45878
55458
-29393
63772
-81313
-57017
18722
-3396
4004
-50991
-26078
-27465
-25981
-78371
-22588
23640
93399
-57218
42844
72850
37724
98262
-70432
41471
-42726
58753
36707
20216
43751
14413
39258
34807
42496
-32408
-71083
-38685
-73332
-59672
78797
5492
-72717
14008
13910
49094
60667
-10735
47671
88963
84704
45132
-20473
-78247
66924
97239
33142
-34472
16256
-75511
58115
-5872
-72363
34714
57555
86766
-86295
71146
-93391
77002
-11847
-39256
-26377
-62707
-17364
-79160
14246
66786
-76039
15976
78462
60607
-81011
-56295
93897
80950
18153
74292
-59013
67974
62541
-98177
46155
-63471
58149
-57387
-96900
18339
-26589
53492
-69551
-83649
13375
89631
-26571
-27995
-56294
67222
34132
-34242
27615
-83746
44301
-41044
-70858
-64696
36914
91831
-1674
-3292
8453
53118
-33161
12760
-83875
17234
-1734
50337
-39401
13622
-7607
90186
-19376
-47808
-607
48354
-8589
74928
-27384
30024
-66072
91280
59188
54710
52448
-81195
-77946
5405
-14963
51382
-23180
-55127
-7897
-61441
-90845
25934
-13827
62342
-86259
-84592
17684
-79170
71968
-84323
67100
29415
74386
-62073
60994
-12463
-10383
3288
26075
-39077
6773
-35759
-21373
12145
-44770
52202
-82433
-7201
-38485
51210
-33795
-78014
13008
58827
-57511
55731
63498
-64388
53490
74700
-46379
-37347
-50879
-75327
-15321
-7196
1661
-4311
51646
17289
96035
13252
69275
-65777
-54019
-65044
-99524
-59310
8150
-72620
-81637
-61725
-52208
27159
-50432
-56523
87928
-10346
79035
-92100
11832
56388
-80420
-75268
-87018
-43783
-40097
-29749
-15445
96256
38643
-20901
-29060
81685
-56235
34518
-1166
91085
-31647
23243
75085
-72696
-36229
78192
9293
35032
-45090
42288
-90051
62058
19001
-65831
-61864
-3923
-24253
-78461
49048
-77125
-64688
-47530
-57025
-99421
-72453
2676
37069
82265
-98724
-96413
-49667
-80864
-26488
90693
8658
68436
28268
22639
47925
-74400
-55639
-57725
10826
-29555
-67910
-29022
87507
78907
91854
24110
-57136
67670
64369
-79420
-35904
-1863
-74528
95017
-64963
-56668
-41585
-22990
-26904
-86372
-36673
28674
80466
-52113
76059
61820
56784
-73474
26760
-9049
-46804
11746
47567
-98548
13763
29579
60596
-37497
-89521
56984
57606
-16403
40453
-99721
91544
33530
-39876
-27881
10093
-57825
-18207
-99800
14076
-23728
77736
64039
-50207
48569
58756
-793
-18402
-51506
60337
-87341
32065
-15015
87655
-8774
-20055
55467
8269
-44324
46
-3374
-85744
-42487
-23599
98404
22966
-74687
44817
85749
45297
-20363
-42654
74417
-39954
-67256
92430
-38563
70352
-96501
94066
-58110
76169
47838
23667
26778
-52281
12651
11751
-74526
84768
13024
56169
85914
-40051
-68361
-16204
84923
20478
-55824
7457
-65818
-50184
30254
-75311
20123
44430
-78032
-98155
-79267
-11221
-93532
-40024
75782
39396
-13859
91958
53682
-44587
88057
-71274
-47717
88026
-98960
-36957
79262
-31226
52138
-35231
73976
-98692
-63692
56571
-60439
-42049
-77375
46619
42376
15802
-56542
-76804
-89603
98363
-72306
73896
-42348
-70943
-81527
83274
21609
13781
-12988
63061
-80310
36823
-32099
-24524
18977
-21074
38733
-53063
19960
-6695
-25254
83830
88959
67216
83449
34160
26693
74161
-21906
42931
-9116
24381
-54812
67740
-49488
-52472
-56717
38782
66220
65870
24225
10432
1930
-23608
-44033
59342
-20851
90820
532
-38365
92928
-486
-23456
-44269
80841
4662
4689
98997
-1175
13514
37782
-20729
7238
-96008
-49095
14357
-50933
-38967
-73010
-35812
41890
2564
57616
88606
55725
-14131
-94326
-77849
72563
-23325
-41354
-26004
45200
64097
-86443
99474
91463
-40707
-62524
-28323
98619
43852
34545
-12498
-34874
-24403
-42841
-2956
-98561
62160
63613
14055
-41660
-28566
-56917
-12351
75573
18606
28448
-34654
3222
60961
-25049
24001
-14442
99077
-68256
34806
-59462
-69262
2647
-44497
35077
-64183
-74135
37204
70203
-4599
65576
-70065
20506
-57963
-99223
-65666
13953
8202
65228
38849
-13967
6586
-75136
-60361
54978
25209
51967
89993
28243
-95159
78492
19793
-69694
40619
17842
-24173
16632
19547
58001
6015
44633
95795
-33929
-65521
19344
94526
84617
-54809
-33235
93349
-20421
-93537
50684
38504
74332
-5165
27230
20281
-67041
35225
41554
-49101
83940
-23614
-86719
-93425
22226
86458
-79491
3877
-97523
39820
-58696
-47459
78558
-57241
8582
-35111
-84268
-20253
93805
31941
-37083
17267
-59401
-45151
-88607
-96273
938
67580
-77671
-38138
-1398
-38273
-82595
-59691
48066
-78899
-8184
-36944
83201
-44083
-14726
-66270
-88000
-33642
-40073
82752
36267
-81383
-58015
-83068
-38767
-18575
1861
-52545
18932
63203
-9910
-66456
-42203
75988
-55452
-94355
76143
-12808
59052
-50662
-25562
-70394
-14792
-98480
8982
-43411
57114
-22794
-84043
85376
-39882
-75301
39878
50790
37773
-67115
56715
72924
54188
-57062
5396
6410
-19773
-86145
48295
-49211
-71035
36494
9277
11808
96777
-35721
-65122
-42104
-24040
62106
61748
-60156
-51968
80210
-26262
48544
-43516
-24674
-28574
-24646
-45922
76403
57584
-55415
-8376
-65579
-56287
-93638
30154
-59606
-97153
37382
78439
38041
-58759
-71489
-85964
32592
81375
-75422
52891
60135
4317
18178
4147
-31516
60638
47501
65045
-12444
-40306
15224
-71101
-97356
-75477
46170
31533
90562
63664
52647
77126
80935
75884
-78006
28813
93396
53647
2472
20393
-40609
26809
26312
63932
39343
81893
-70106
92613
6751
-94444
-31679
-33537
-57226
-96153
10253
-61791
-8541
78716
-72519
-9140
-77286
-87791
-80370
8586
68941
88857
23542
-43110
-78620
-44574
50270
-65870
-15568
33859
-94675
50663
-80526
-45057
73006
87419
89888
-84152
7425
-82411
-70429
68716
45677
-54904
48236
-72720
-88419
21378
3279
37178
41517
-39294
2926
6213
-14282
17481
-34928
-54499
-7467
-47433
37717
8676
94151
38932
50798
30291
-86132
-29253
-40423
34308
67462
-84948
-85364
-90641
-73542
81748
-37588
59451
-74618
74748
-9434
-31065
-75739
50564
58550
-4509
-57362
-38389
1556
-29137
94425
36707
-3242
-52946
8671
-28678
10510
35776
41904
-79438
-66284
95207
85782
17827
68194
-25125
26279
10798
-41897
20465
-74025
54880
-4137
74081
-7054
-99890
-90815
15025
-13639
27862
50850
-74103
-63010
-42587
-90595
-7179
11991
2619
60054
-68905
-79808
-85772
73275
75131
16199
-51065
5516
8940
-91385
32204
-7822
45117
-92628
42231
42262
-66207
41572
85329
4433
-17810
23511
68212
-29397
50828
57602
20932
23731
79572
66296
2813
-78739
5615
-98444
17519
-14895
29909
-8680
35608
48600
84681
34479
-74825
2153
74668
25737
-25972
61756
54433
-8995
-64502
36457
-34039
27814
-20098
-22492
7551
9
-95479
-64091
80451
-76600
23773
-73893
30549
16018
2393
7586
42717
-67843
-93085
-68524
-65207
-5985
23038
-12299
-19069
64911
-98039
73571
47965
-61948
-77976
-57501
-28948
98326
95625
77978
86452
65890
-87353
89
-52800
-72025
-77311
1927
42465
23225
-17833
-2610
47351
90753
-80117
96327
39969
90741
-58116
-81900
84679
-86844
34113
89312
44181
65305
-76732
-23260
35056
63073
-44587
-2605
-52485
36512
46652
-73108
-88816
-39028
-40166
-64314
91887
-22980
-9317
83476
-38821
-58209
17325
-10049
-26027
69140
68133
-65319
38779
-91849
-15059
24026
14392
42828
68921
-37511
96508
43323
-46514
-83009
53117
-15001
73407
-77583
56712
92208
-65272
8849
-54033
-68343
-23921
64297
14039
-8618
-88581
13907
-94033
17811
90547
-17651
35615
82681
-12958
31474
-55779
73686
-2603
-27161
62148
-61465
80586
-36522
50813
68500
-94832
59194
31954
51947
5661
61676
-66797
-52125
54024
43508
-23712
55495
7179
-62644
37381
-98812
-19175
96766
-10054
-83657
93298
86310
-18381
-28173
-29257
15914
5138
-83619
90573
-97383
94646
-78005
-24094
28769
-34900
92249
-14165
-40974
14081
63779
-43932
-40522
12166
-41801
49605
-15055
92597
73158
34458
60190
-30570
-74253
-23523
-42484
32338
-63148
-89742
-89135
-77307
-66226
-21277
-53011
-83561
-21925
-17497
-40849
44230
-61235
-94968
-24198
83548
-38166
32995
22915
-40182
87454
75991
33487
19293
-58791
-43019
59137
-55946
13184
-74633
8265
-49701
96153
-89615
29655
-62362
-57875
14964
30203
-52915
-50336
-75122
54304
9091
40699
79062
-65671
-46741
44092
-69811
17682
42633
-67374
-40712
-32267
-75845
61969
45724
-90077
-767
90313
-90692
29153
-964
7198
27314
-37783
-26461
-15206
65113
81596
-3890
67263
-2879
4977
96895
93439
312
-24457
-25057
-85274
-40937
32985
23168
92693
-83335
-284
-48965
-24494
-1385
98117
-57649
-4663
62345
98327
80013
-46162
66184
76232
26007
81931
82317
72333
-42693
-76815
-83557
-85776
1221
-97720
-99141
94145
47863
-20344
19856
24081
-70260
-1255
-77261
-961
-11872
-96484
94769
-60052
-64063
480
55675
36796
70696
30014
-83987
-15760
-42412
59308
26324
-14050
-77814
30019
-76131
-30313
-85403
-31967
-13240
-48848
25491
-18678
-3796
92600
-73820
76363
89102
75532
58853
-70811
3594
-65017
-29897
-62324
-76184
-51935
-54428
-59857
60578
13477
36464
43381
8748
-46005
-40783
-17879
34511
-43185
32054
-69805
-42053
88626
-44435
6778
16489
-34132
35126
50301
-44914
50369
82540
-7346
95690
-71804
93477
-68162
19173
-60845
69744
-32156
83088
-31918
40004
62767
80290
-67128
68206
-98949
-23615
-25720
-87002
-92696
-71853
-88002
79097
62327
88621
-34582
-85949
-96302
75452
99940
3042
48373
-27598
-89675
22356
44345
27450
-62019
-24775
26194
78433
36870
-21533
-45205
38485
-85798
-25194
36110
17887
-47694
-29905
75498
26214
37196
-3193
-56707
46181
54860
-85395
8993
93010
-82693
90142
-24463
95748
94357
-40273
-62227
44570
47821
58038
85672
13963
-32918
-21831
80675
-21123
78760
-349
94969
-60346
28051
71323
-16736
-10458
-4608
64709
97372
-18705
-64305
-20889
-46652
76284
23716
-29550
66675
-41896
-60607
38183
-63240
32642
5896
-97836
-10594
72024
-92033
-18535
38179
-94464
-90862
8624
-11811
-76943
47310
22633
-66219
60403
-38383
-87263
-20843
21640
52572
10424
39049
99619
68852
2416
-53218
-75272
52179
-94546
-5864
46055
-27490
63446
-5158
50290
19829
25416
-85125
-4807
-20759
52406
-62546
1767
19290
-57546
-58487
-85976
89797
87309
94720
35741
-51042
99803
13022
-15244
-30030
48818
-64817
-45323
-26702
85516
47940
24010
-52761
-73207
82206
12470
-65834
33243
-67955
60037
-63068
-74186
-99959
87285
-15643
18276
-87252
-44810
59856
94907
-41109
72612
-60928
-53228
1416
62776
-29525
-32504
77844
37900
54778
36784
-972
-63354
-57679
-7818
17386
51539
-35568
-90464
-79648
11498
-48517
19711
-13038
-5474
-67052
49650
59898
31766
42178
-5736
20561
-30102
61896
24910
75189
85975
49635
-54379
76189
-16093
85701
44871
23717
-87208
33594
47310
90116
20405
-82017
-77672
90883
86120
-94649
30186
-34133
-43457
-10542
-97952
38222
43479
-67026
89744
27151
44208
48301
-4462
-34791
-77286
89036
-5312
53072
-4844
17620
-76650
-30854
41666
39718
-51870
-94151
91755
42571
-34889
20679
-64851
-66855
82693
-7562
-24199
37897
-69096
-85622
37876
9415
74837
-58877
32355
-20388
89364
33256
-31741
38673
-56940
-58307
-45682
-71248
-70046
-39398
6986
-35111
-3534
-27525
-29479
74920
-81121
80800
13892
-98102
5796
47752
11393
-40245
-52101
-10461
14876
73162
10913
53347
77581
47318
-71352
98225
-65080
-25170
-10347
-88036
-99544
90101
-37519
65323
47914
-22543
1700
9799
-95480
-51063
44709
74638
73612
87234
-93238
45926
93908
-64258
-63476
-4371
-84252
47790
75105
-29312
93383
9316
79289
52630
-46220
-61432
78392
64747
-88373
8793
-30696
53113
-73431
-11505
-17001
80975
36306
-57933
-632
69032
-81895
-43698
-95625
12309
91213
-45872
-98505
35380
87175
-89436
-39584
-11929
12305
-23560
-29832
93325
-83421
36412
-7506
72611
-32815
81939
27416
-12655
79660
68115
-91458
-35289
-65917
-33440
95508
-99308
-84308
-64058
52788
65537
-88058
67056
-92661
-93308
66169
60956
47125
47162
-83653
22795
-35285
-77536
30694
-62234
47619
8490
-38756
-5062
-45446
-67151
48278
98269
63165
28402
-94429
-4695
-29185
-82586
11166
10475
81625
-65405
-3338
-2068
30904
-79754
-28242
-47120
-8992
56396
-4516
-84982
-66938
93263
97265
-68753
-69025
65649
3670
-26676
-85314
-31276
60656
46987
15617
54449
54513
20340
39725
-1706
-107
36643
-80989
23559
1660
26073
-45703
61690
43180
76336
-24667
1456
98551
-78566
-10713
-73063
38074
14271
81150
-61493
82578
-66135
-46764
1646
23960
35522
-9006
57453
-92938
73135
64534
-35842
-21718
80252
-69793
-73517
-64277
-69388
69632
63591
39890
80455
80517
90882
-32252
66526
-1324
42325
-39415
-86288
42324
-35615
24897
-83653
43127
26760
-89107
-43076
-3713
72040
-25389
67461
73357
-80010
-95743
89363
18343
87077
-12785
-67144
66396
31489
87952
24418
-4023
83123
6876
-89925
-70478
-38164
76954
76277
52314
32222
-68644
99982
30387
89394
-51053
36980
-18160
-56564
-84451
89371
20842
-89101
15864
-44485
-88165
44673
-26857
-35550
23469
-21967
-69306
-36121
99326
-84420
5014
49016
-64556
-97198
64939
-73838
-16522
-12967
-34272
-61689
17157
48434
76878
90075
-52374
64365
-73764
-69969
-82509
-48336
38479
-53393
76291
92774
74284
36033
34056
-59263
-79088
-30834
-11253
57970
60435
31400
34857
737
-47319
-17364
51554
-46902
30112
91800
-12937
-49038
-27335
-23777
-62700
86715
31338
49212
86762
-58113
-73212
-20164
45200
-74321
-23946
-58572
-80947
43517
79700
-74797
-31765
-13660
81138
57035
-32640
45194
-59985
14760
99484
-74534
9280
-11081
5025
16292
2425
-7500
-89266
85424
-21117
94569
3933
-83825
7213
-75087
-86289
33526
71888
22339
-72563
-32215
-1228
-80507
97203
41065
-979
65307
8063
9685
62723
-26593
-89373
-93800
50879
50997
22777
173
-73900
-4788
-22881
-39532
-66068
88171
-1804
-54911
89024
-23880
26180
-44589
77957
-46549
87241
-54429
12278
99011
-70912
-87685
-51472
-39450
89665
-64093
55027
16685
9895
86045
-64565
1136
-73527
25751
87860
39723
21882
-29754
-21359
-77375
-31494
-40383
-88568
-56391
43649
-70024
-27205
-80260
-33037
-57865
-40852
39135
-50731
73442
-768
-33219
76057
-87132
67298
30488
99616
-45691
73837
48612
-66627
29411
-46870
-47345
-82860
95666
75357
-37080
79255
368
-81541
58289
31142
94032
-36512
27139
-62296
14496
93976
-22649
-88487
-27875
-78771
-80673
-16897
66430
91843
-58742
-72558
80469
19410
47913
54967
72351
-25857
-39814
-80133
-42947
20484
86046
-68209
72013
19360
63065
-31442
-33782
25650
21535
23959
-46086
14478
-86798
-99789
12290
613
-44141
-68616
-2444
24431
5157
-17255
-71661
87674
-8827
-62648
-86497
-45986
97813
77734
-81999
-33608
38376
-61149
-56832
-76824
67899
-3462
-86766
87272
-60752
26911
57956
-44199
-57271
74542
5166
42711
47556
-69195
-50909
-60245
-70462
12025
59042
66271
94241
56227
-61347
56609
-9297
-79102
-42751
87148
57141
-31013
-17980
63678
-32112
55908
26958
-37069
83168
-92425
-77729
99316
36889
-52974
-84655
-22800
18792
-21410
-86718
55826
28820
-36923
11384
4251
-5264
4559
-20115
17643
49513
-12166
-21603
-60258
-50219
70414
-10131
-27508
-27114
95221
-29235
34029
-75612
-30674
98794
-64466
-79818
-7305
-82760
66798
46529
-85911
24009
-38271
-99827
72752
29698
86846
57932
39186
23799
44246
-62275
-47696
92105
-60845
-30421
-19929
-56271
-61569
-54872
43277
18222
38369
82370
46788
83101
-5241
-26588
27087
48781
79926
-36780
79121
43674
57488
41583
-69978
-94231
61717
64087
-45768
-21566
28996
-23283
-59629
81110
65365
-40370
34775
69515
-39659
-69222
-87384
-46107
-99394
27269
-27956
4042
20601
-62730
-45142
27184
-72260
62070
-41602
82827
-97541
-21266
-78184
-99881
52995
32337
-8363
8615
8180
-31935
39933
-64505
16546
-42546
4561
3372
45983
-28053
-60640
-6072
10229
-15233
15867
-5540
15277
36401
9592
2821
61245
29266
-28634
-91563
39191
65547
-78846
84949
50205
-99399
-87114
-76462
54707
79476
15014
1976
-50826
-47218
-39565
-27531
-68388
-26565
-36586
69963
-13096
31878
25547
16589
87692
-85278
95732
-93164
-17335
18174
-21399
57695
34365
66278
-79406
-22482
69825
8212
-25216
53443
55295
-20036
-85828
47503
1265
-38994
-52750
99661
50483
37299
-33572
73233
-49431
-94882
49072
-24734
-54435
-91419
88043
-65855
-96451
-86649
-30839
50797
35532
-72471
14946
96734
39266
72258
-37272
-10997
-93013
30404
10224
50998
-91757
62914
-49538
-45842
95605
-29459
-45820
66099
77795
-45865
91850
58458
-75507
-75789
6708
91048
-25380
-25494
-15126
-10629
-76868
-86251
75831
-58473
-30146
41895
39105
10842
-71440
59596
-42216
67522
-23183
17466
-50412
27006
63057
-19072
75667
46341
69989
-69038
70699
-52808
-41815
-45756
-21196
70289
-21802
-53887
38461
-49120
-21103
-66075
-13978
97507
57222
-24047
35663
-49411
-8480
19784
-34293
-17442
-96876
-42418
50437
-82756
98209
44782
88662
41515
53483
-59633
46233
33278
66249
-55165
-19602
23967
53354
-98191
38275
3858
-46924
89615
23571
-84388
31418
54250
-65492
11362
-46619
-15350
86972
72730
-99705
62823
-9448
-51615
-63084
-85675
-42794
-72669
58296
86528
14807
-75452
19999
20669
-90560
-93054
-62542
41969
-88754
91881
2533
3851
15575
15584
57660
-98934
-27740
54751
-88257
-4637
-4076
-14342
-87269
38303
-49153
61886
-17010
63686
-95400
-37882
11752
64643
1045
-88735
47350
31619
99920
19101
84210
41159
33465
-13780
-62039
-99645
-82817
-33343
28754
-24225
-58745
-71671
25702
75238
-71937
-34840
10798
-47892
51276
28032
78678
56584
46418
68901
63816
-10289
58494
-79762
49722
-15278
14816
32509
4622
70936
-5323
47426
24440
-75524
-37345
89859
-11908
66840
38470
14667
48168
-47525
52709
-5191
-99650
74736
99049
52213
33196
52138
-10284
-22189
92492
-98327
23537
-79400
29112
-42682
35419
-80043
-43390
-4684
85084
-95259
12908
63539
52503
-72762
-36854
35721
71558
-92702
46301
76074
57758
-93668
-91539
-17660
6902
39267
-35107
-56613
-67341
82751
-6010
-31728
15464
-90896
32411
-72546
3805
-50665
-53857
90317
-37619
39192
-95961
19878
-11460
-803
91748
-75229
-6075
-21660
7183
-10049
98035
-79188
11039
-53557
13993
25415
-56409
-76002
-76439
-77065
6708
-75221
93233
-18649
-52390
43494
-90273
72020
86446
-29657
-68853
71814
23766
-53769
28948
50464
95975
-56121
6436
12236
47705
-67977
70028
47470
-35013
-37749
31210
28317
-2269
74773
24898
-10235
13791
-25009
-25743
94273
16818
-59205
63270
-52000
8269
68700
8697
-41406
-76073
34311
71126
22087
-32739
-19716
-76144
17171
-11202
19104
-54614
1826
-88819
39448
30134
-49994
-62488
-62169
-40711
91644
92569
70700
-96957
-90216
81044
-90061
-70619
-36206
40543
75893
-93294
91394
36603
8074
22502
6497
9678
-5084
-92742
1624
-46117
-69788
56012
8877
51490
-79108
-20418
-45408
-4525
9801
-16101
60519
-17840
-43276
-82557
98465
2968
19501
-73146
-11127
13073
75801
-3204
-52855
-2479
60874
-25437
97537
26996
-94060
-18362
12165
87665
-25028
-66949
78080
84225
18288
16512
-33692
-67488
-33070
-93416
-31673
22054
78353
-21874
-81234
15495
63247
-75687
-39194
21879
65926
69451
15170
-89204
21972
81560
34677
-66749
-40949
-70070
45165
94898
-22627
66715
73116
-23292
-1775
44426
-41799
-8373
-56233
82234
-57428
-77690
74936
-51854
-23947
42068
97003
-3940
-62788
92389
38693
-56134
-35470
50480
-69502
75025
41290
4242
65972
71640
26955
99987
58791
-76587
-6540
-20236
24184
-58732
-43207
20673
-4653
43652
83011
59202
-24181
-65910
50682
56662
-51004
-12884
-89471
22597
-20123
38918
58640
27616
13538
-53623
-84420
1202
-46384
16545
19252
75655
-8362
-66606
46979
60980
-9754
-24080
7140
80498
-98016
-85850
-4763
-17681
-14272
-69881
-66396
-46084
-89070
-21725
-1421
26600
-39061
-59101
96780
-65014
3376
14054
-80008
-48958
3722
50513
35110
58229
41807
-4603
40805
27556
-71621
-26673
-5251
53965
31692
-75641
-80188
-28861
-61872
-23620
-84368
71797
-76912
-71098
-24514
-7630
57052
57513
48228
-39644
-21784
-7958
57918
21827
63568
-42103
-52906
-65640
48859
-402
-69978
33705
5036
-46937
-71418
81178
-50085
-27256
-73982
-49396
-44314
86361
-3044
-39785
37812
-12848
-99913
15567
-67693
93302
15843
54057
-38165
24295
-8181
-37571
-5542
-82117
79453
87642
77417
-88109
-92034
-2347
54021
-36186
65274
-85635
63007
-49209
-71198
88690
96497
-28030
77083
89282
-99983
14050
82336
-97969
-78225
92074
-56835
-42974
91594
-17917
-51942
93147
-62077
-22675
-6121
57227
78277
13369
-88174
-32835
44076
-56277
-48240
-54074
19602
64620
61061
35392
-46573
-15485
80874
-50235
-22378
94920
99295
38463
-54248
51803
41427
80996
-92446
37890
16795
19591
28605
-15289
91223
-93603
59109
23988
68167
-75061
-87064
49356
23687
-49068
88158
92840
-75266
-25241
93541
48338
10989
-74748
48995
-72080
30083
-98760
73223
-38550
-81652
45551
-38438
-5334
-67380
-49702
67703
10250
42292
-34172
37042
-74252
-93040
74311
-16321
-97968
-62739
24189
80239
-8482
-82
-43810
44017
89670
44928
33761
21654
-95957
53011
10895
25007
7205
-88882
-98498
-42334
73437
-17657
-44448
8039
-40367
-83359
-82069
-65477
98310
-34075
37132
-79023
95857
-68782
-46395
47099
-21368
75256
17540
12008
-54744
-53710
87757
-55073
94594
44270
52617
9281
-20937
66565
85761
-28162
-17408
69894
-91248
-35249
64367
-7367
-13653
-53298
68876
-77249
-67063
-51620
-86130
25223
-72139
86238
13486
-14702
-14575
35857
39433
-71295
16025
60392
-18428
-78065
-63637
75093
-13964
-88933
94988
15855
-7875
73641
-87975
19019
36977
-52884
-23767
51360
-24105
-2614
4449
-4102
-25951
44728
36570
46297
4484
77768
19628
51418
-63753
-73563
-11970
77324
-42575
-99777
-34587
-62471
73787
87951
-50617
34469
81821
71876
-19275
-18638
51684
-67139
-18638
-33292
22798
-75850
-78559
76132
73371
-25187
-20999
-93270
12163
-6353
93755
-89596
16205
53579
69959
-31399
19300
-48679
55086
50787
-57030
-65602
79290
95657
33549
80602
-58397
86129
83177
-92201
11939
92691
52560
-91158
-44562
97781
94736
-56344
-70267
12904
-54140
-98302
37945
86636
89157
-73775
-24678
97240
-77958
-63259
27647
-64266
58968
-43839
37671
-36987
-38475
-32864
61820
39595
41012
44134
-94382
31675
-52629
99050
68059
-90037
-44201
-34535
18354
33014
90222
9485
88888
-91265
-1071
17707
94651
35329
76373
-26208
90098
24990
39391
7303
58430
-63375
-6024
17840
-5195
50268
89137
12111
5969
58433
31682
-56669
33081
20165
-49739
-47135
85416
-58121
97059
-28800
49613
16936
73898
5293
-45648
-93306
25144
40128
97450
94999
-23192
-8715
61030
-17658
84505
-58709
35833
-37750
-95138
52806
92513
84812
42230
-9541
-68454
5030
76394
80168
13157
98653
-30651
3736
-29049
22653
-5778
26185
-99372
-52340
83165
79417
-95031
-73877
72120
-94877
-59031
-24253
-81173
-57400
-33459
-71119
-85316
-73487
-56215
49621
-33153
64687
-87482
20259
83758
83240
67981
61735
60018
-84915
69208
15560
3438
-13630
-65941
23169
7654
-69340
94942
77573
33675
-81172
-57914
-20557
-37392
28091
-5371
27295
80033
-85928
55409
-90853
91080
-79731
69224
-82418
-6834
17534
-3160
-61089
49792
-91165
90087
29704
1406
99655
-46991
-99254
-88321
-82636
-19261
79278
76013
-48502
20330
91278
-34159
-86847
-18073
48321
-76328
-12914
1383
-93848
-9576
-51802
-56038
-89601
-13480
76657
19715
-76488
18388
-92329
75850
-74856
14482
23415
-53526
-63078
-45844
-43249
-24816
-6817
-31162
-48611
20640
43152
97853
99553
21610
-32058
-12742
-60562
-35256
-14949
30764
-52473
50408
-6716
39189
-24728
89037
-32480
-26477
-26893
-15401
20406
-13658
-71769
-5231
-58729
-48290
143
83270
-54036
73921
-95683
80404
77330
15073
-7562
-52537
46971
83171
-55063
-27751
68237
74228
-57792
-67603
40625
38548
-56461
-46452
-76313
67430
97321
-94376
-59540
40896
-80154
99056
68913
82977
33201
-15386
-30922
62939
29042
-78776
-19124
-42962
28279
-46644
22620
-29909
10941
-38138
-48356
-19190
-98888
-33345
-24247
40450
53280
11661
-75953
-96477
40457
47489
-64474
-85729
29402
-64886
-96243
-53019
-62788
189
74969
-49766
62545
1875
-62031
72786
23154
38698
41935
75023
78581
64722
-2715
62127
10300
44985
-67086
-18706
-47221
23081
94643
2022
67200
-5396
70905
-306
-68135
43602
37281
-13409
91524
-14672
-78114
-37497
75548
-20997
-7761
93219
-3207
-18015
-59500
52235
-51512
-69661
-21361
27621
52690
7067
31559
54659
-18299
-56894
-66117
15961
-65130
48967
-35346
-15252
-38870
20068
46297
79397
39459
-57273
38157
-26079
59456
45811
53610
2944
-4186
38005
39422
-27327
-88638
24938
50859
79218
40437
71984
-77391
27683
-64102
-85331
-32023
18224
42458
-80601
-46595
96592
50268
-97981
-20781
-1690
-83870
-97812
90567
40949
27017
29598
-23057
26438
-13131
57676
-33926
-91392
-57555
-56451
13085
97987
10740
-4990
-56638
-90799
-10824
90253
-50244
-61502
81763
-59410
-48975
99958
74801
13377
-90786
-49129
45805
31172
-37506
-8065
7746
27964
17613
-25735
99461
74094
93854
10713
-64531
67527
-21178
-25865
84671
-99698
65277
-38912
24095
58913
42510
63877
15930
71248
-33388
82082
57426
33262
54462
-67051
43554
-16348
69252
20124
51144
58668
53722
-34044
-94033
-55524
34012
73099
-12676
92791
95363
15167
11401
20388
-28842
26046
63210
40830
96956
-47217
50699
15632
-76980
86544
-16999
-3048
-51274
-35228
54907
14118
2444
-17807
-78528
-99393
-73101
-39278
-91148
67638
71855
-3891
-15513
-28002
76631
-48951
-67960
-62874
-22515
71256
-37706
-67349
97265
-69253
78499
20956
78249
50661
-67061
-79332
82398
16736
-13391
-14112
94820
11472
-55550
-33895
-6081
-48798
-82579
27891
-65421
54599
44286
-93214
75159
44148
42475
-29602
15738
42880
-57849
-41891
-68008
17351
-84398
13316
77005
-59273
-35582
-84572
-13833
-92539
-13724
-41098
-47474
-30596
55807
81358
-57292
34583
70224
-54041
-74238
-40961
47194
-33079
62734
-3332
89213
23008
-65216
66088
42704
-91470
-83621
-10499
62989
-16278
89322
-73545
-44848
-48334
52778
73082
52928
99156
22252
-97352
-24362
83974
-67283
92575
76757
44877
-38603
-2154
-10077
2510
68924
-35145
-68851
53882
30848
-90937
-44136
3070
-28505
50683
94783
19578
-90388
25831
-36265
-62920
-17845
-65259
94076
-15852
80739
32927
3601
8892
66343
40712
-48925
16691
-8071
-50720
-4240
-58098
-70032
-8224
-47520
96585
-14473
-74615
-71742
51287
-43690
82503
-31510
-49932
45856
-14614
15653
61474
-67476
-59807
98145
66893
-86901
-53893
86046
60260
-3632
11064
-931
63790
39396
-79324
-1501
-21729
-29255
91021
69025
-46910
-55536
-42948
-1625
-61852
-91501
-32948
28980
30418
-13486
-19225
17640
-44755
-97997
-55398
-63223
5681
39725
58240
-27790
-5607
-87171
83317
69922
81065
-10454
9720
11957
27415
-24810
93336
-5963
-33047
27814
30529
70602
-31942
96804
39502
-45221
-1058
-63007
50096
2378
46734
63072
44206
-6287
64991
-20052
-6528
-81725
24872
48814
59386
44363
98990
41380
76769
7445
33246
47691
-60598
-36747
90793
32521
-67788
-11786
-78224
-92988
48543
15906
19616
19704
51986
-50472
76762
30958
-53022
28979
-54717
-61293
33864
18161
23952
-93381
40550
799
-37073
-9349
-21070
51580
-30488
-76138
38742
15635
-29815
84165
55304
-50078
-11821
-62479
-68549
31174
84487
9410
-78618
25242
-98563
78933
26590
990
-45489
21202
-55794
71973
-76334
-82463
49916
-99638
89562
87003
88725
-10370
33569
22675
96162
-2838
-53214
-9008
1459
92021
-26489
64091
-71992
-92772
-19854
-9508
68515
79074
-92841
-10422
-4978
-49332
3227
-26825
99920
76359
-99875
-27587
38613
43612
-75023
71533
-23429
-77198
-96112
-67881
-77460
46637
19656
86135
-84621
88087
90809
88106
90586
42350
-52431
-48598
-50887
-52852
-77084
-25633
-40176
-63629
-43921
60963
-76224
97174
76719
65200
89803
27129
-61228
-14906
-29005
80305
-71081
22543
-35330
77811
25995
-97120
24998
-42987
-18082
55111
-29123
9674
-12258
19532
98985
49271
4019
-41011
-29667
52992
73910
-32176
84391
82800
21746
9540
68667
-22210
-95270
-28411
47748
89982
-79088
9231
96253
45940
-8911
-97326
47846
96299
-53379
78956
19343
82757
-79356
-56709
-83194
69316
45901
-84505
76219
-35646
30341
-45216
-28659
-49482
52969
-96162
48634
-71228
27473
87066
-72109
-46034
21031
43842
-24063
19088
-18662
98458
-64047
43989
54390
16813
24034
-37696
-25296
96049
-67645
95872
11144
91506
-31351
-3551
88015
-5091
9452
-77478
26443
79330
46673
-30468
81001
-9599
93319
-41129
53973
-71510
32041
-41891
20260
-66899
-79263
38364
-65826
-55452
37478
-10302
-25898
18939
80865
-65678
-42563
-67157
97747
-47448
32558
-57777
-43037
-65201
-91664
7127
62573
18444
17700
-58250
31969
79336
-74745
11817
-55676
-17797
14129
20723
-96917
6969
78533
89434
46997
12389
31124
69532
-28239
-49160
94974
28513
69886
23439
64580
14035
-71402
-83685
-11391
-98098
68289
73836
-78105
-59084
92155
-93082
75477
-16351
-89618
-35604
93097
-57076
34360
79333
96398
10558
-14301
12517
4533
65271
79141
19880
-52686
-87517
-43570
-47611
-41507
37111
-22821
-46988
-31384
-63757
55427
-36885
74675
98379
-89937
-84929
45897
-51019
-31119
-89495
80977
46618
-83175
-52707
56479
81896
71757
70387
-84487
-33285
-28473
17020
-80410
-90321
30268
-24243
-80145
79875
69930
-6775
12579
57048
-74872
-14841
-51119
-84090
59454
-39998
2154
86214
-82419
-26108
-73228
63282
54908
-92673
-41440
57012
15105
30953
38205
-95872
-44302
22333
-24893
54649
-84561
73751
-97820
89783
63912
93870
51759
-15219
-72134
191
148
-84997
-83678
38756
-21098
70651
45051
61275
-77079
28797
32462
97746
-36703
-28034
-89510
-12018
-70675
-90634
52636
-59908
48209
-29663
78454
-54635
-21949
1094
-21628
-22232
31686
-34453
-53778
15471
-79824
60161
43562
-30993
-2130
71548
10345
1684
-62387
37097
61536
2980
-65331
-5179
95487
-9085
-51485
-58283
53579
50
-84096
88547
24710
-89132
11635
-50078
95848
16986
-28391
40934
88882
80575
48484
76546
41821
-19269
-79737
6784
71911
-3914
24534
78544
-59076
5793
-81349
-47801
-58473
-73876
-61471
-83187
97309
-74323
63362
91943
-58628
-24370
54589
71652
-59606
-49883
41502
-37601
43049
-2869
25562
84977
-18862
31519
30590
4153
26021
-71481
13320
-89562
52856
-57521
-41164
92547
38616
26982
783
7057
-4820
-5720
-65851
-74208
-80323
61724
91811
93839
-62685
50810
-68112
-83004
75116
-35375
-90790
81932
-21009
-36382
87204
-24125
-79097
62185
-39124
-61661
6611
-1665
-39312
-3660
82360
55054
82626
25592
-31604
95511
-82578
-55171
-46938
7182
-98308
73755
16993
15608
-23603
-60959
-40875
33886
77759
-3162
84730
8634
85479
85904
92055
38183
1594
47305
-1968
22409
-21364
-44770
-18982
87935
44146
-65762
443
-74053
-48970
-27225
-34110
35627
-92532
26903
42067
18203
36218
-86834
-64857
82599
85962
5386
-51241
91652
83965
-3149
-69200
-13485
-8505
58706
34885
-28735
21379
-81822
-27447
-53794
-70033
42563
94834
-47383
6069
-53716
55823
-29267
60438
-87265
-23214
1063
-77531
79610
66432
35119
20273
86792
72551
80680
64815
8018
73945
41523
-28172
3436
-10803
-13286
93729
1065
-42222
-17457
38234
26831
10894
-189
14983
-53186
99025
5013
2718
-2492
14452
68805
-24740
-65541
13414
10620
87356
-87837
-62156
-26105
-81604
-64676
72970
-91454
-25867
-60046
92146
-55650
-41462
13124
-69955
22271
-49081
87710
11374
31761
-38700
77401
27486
45444
-70910
-15875
21558
70936
22864
-2916
20894
-12209
-69877
-87108
-29532
-56224
-66512
57097
69543
-95931
66537
-87470
57937
-23753
93790
-98474
78924
-45950
-47462
77481
35481
31733
70838
-29649
82217
83411
-97943
37389
82
-90525
33502
89969
58958
53372
44431
14465
74506
-89759
71101
-35470
62702
-62313
-71370
-44041
-55573
-31914
63438
50205
-23883
-71198
-90766
28239
-10214
55208
74330
-54410
-24202
-64699
-15470
-48712
9296
26474
-62657
-38986
-98505
63364
-36288
-70987
-69350
144
-35526
-9299
-54385
67241
-6288
-51871
-49315
80588
70699
39561
-99308
30803
19110
-86477
-64426
67656
21649
-20348
-6934
-7618
86404
33080
-62523
792
-39305
-76612
-8997
84063
-5484
-39244
-15551
-12380
-97103
-61261
-84908
83675
-12046
69795
79030
-22993
-84836
65908
-362
-141
-56651
3694
-43544
98319
9937
21225
-24459
52018
-37882
-76151
55050
-84864
-58760
-23526
37549
95376
51526
-7792
-2361
-43866
-79338
-79899
21943
-73836
-79621
-50422
-88957
-31045
18931
36064
-30082
-46718
-75324
44385
47221
86052
-19617
18954
-6944
-3840
-42468
63018
66854
84008
9536
10687
42531
-94595
19885
-49088
30283
66626
-22763
-83226
43927
59436
-50731
-49874
-59365
-52187
-46850
-52371
41161
-54056
-18687
89582
66903
69596
18669
83195
-34084
52362
88669
-14493
79199
-19821
8628
91093
-99229
7084
-56585
87813
32160
-31707
22966
61988
72438
-39916
-47788
-50923
-997
-51569
22029
-58070
-21760
-29808
-22953
20876
3040
51386
-55601
8865
-92871
-18207
-92884
-37311
-95786
53116
73197
37885
28291
11587
-37530
-67272
-5387
-74309
9382
-75530
25006
42400
-33067
66199
-87376
84143
42323
10749
69130
53448
78399
-35654
2151
-61647
-33727
70658
22569
-45969
13525
-56557
-63385
14171
41678
73616
65800
-23984
-69140
30631
83635
40668
41466
70941
-92822
-91070
64420
-56399
-48719
82389
-46937
73066
-12685
-32423
-91163
52281
-86013
-32868
29575
-98854
-22562
43691
83800
41901
-76059
58562
74808
-60186
-87863
-14739
26687
18102
-86242
37643
24057
-12642
44381
-24768
-86654
-58603
2077
67129
51088
-59386
30104
14721
63993
-3167
-6450
-621
-67916
11949
46434
-91279
24507
24055
-87427
-73351
81311
12069
65140
-56245
24837
-50851
9209
-57172
-78137
30500
45080
-47517
-71755
-78363
884
34468
-35519
-40409
-69530
-16618
49459
-65008
27554
67101
97900
91588
-8372
57805
45359
45823
49160
-95559
-27342
-11394
-6642
31080
-42996
15286
-99568
-29474
-79729
46648
-44799
-14770
20426
-13621
-19489
42524
-86881
-37130
1729
75986
74873
69286
33698
40207
-54704
-54837
9712
93530
-30515
40833
59243
48666
583
-30899
11532
84388
-47026
-19397
85041
-6810
-88922
97819
49329
-35831
6097
-32245
50749
64517
80011
42019
-24385
22507
-57413
-37686
-7281
-52223
-48345
-2875
-74856
-51153
-55528
-25176
67062
5446
-44513
46289
-7791
58594
95315
-78095
79704
-68585
-51076
33352
-77399
94367
41196
80511
68576
3216
-47393
-52605
64049
40626
-72067
-69429
85395
-55161
-4529
-32433
-22702
31239
24041
-45911
-6554
11231
35947
-1450
-95357
20172
-98176
27060
35851
97372
7597
-91466
9607
59550
60477
-96308
86787
-98734
-80438
-54361
-23279
-98573
-82674
85033
-38542
-52316
-219
99502
-35314
68959
98986
-34530
-81994
41641
85063
67110
99156
27769
-7101
85413
-79634
-15124
39566
-38393
-87241
12924
-35666
12142
51212
63713
-95333
-68624
20486
83112
-54221
92760
-50497
35699
-74970
-9664
-93489
-86116
21277
8274
18783
25946
-81730
-11915
47206
51792
40548
18891
-93158
88235
82082
59193
4869
89964
88131
-79579
66368
99650
56633
95223
73416
4621
-90746
-80291
-15502
87133
-56925
35413
40681
38211
52452
30911
48455
3718
74283
26511
65192
-27564
-39457
-71608
-42455
39942
49658
62083
-13729
-33356
18210
41429
6115
49503
-70038
-76998
57200
-94662
68686
6786
74627
76067
19714
22690
34160
-86269
-46937
-88476
-95433
-90267
-61687
60719
-43034
9621
71263
31311
-5773
-83617
36971
62110
-16499
-46884
-79721
20391
26101
-52144
-67462
-46783
-75570
61584
-82874
-98222
93085
26856
15059
8782
77214
-80736
-76532
-54858
-48932
-6726
42597
-37707
-44039
32183
22551
-81632
-53301
-21793
29764
72741
-42755
15704
71829
36490
51223
12846
-24887
-18857
25940
313
64184
-55072
-89006
47613
48478
32133
76937
-33581
89921
80618
-33956
-99407
-77823
-31851
-66728
-27304
17048
-59167
-30440
83970
10949
-20604
25337
26825
-16799
3035
11394
16368
30862
15305
-14817
85820
-52660
-6870
-54931
44912
-25589
37531
58282
75278
-90073
-48534
40369
11298
68938
72842
89994
34403
-39379
40269
95324
30541
58316
-59943
-81189
-24347
-30243
-34730
2931
34483
-29966
-5353
-90131
91970
28724
-24560
50142
-25730
-5167
82058
44126
94169
75692
-62365
41943
37788
35821
94691
-68682
-13503
97014
-77918
-77390
-56292
-85843
-96918
75366
48787
-92601
-37211
-52665
-25687
77024
93372
-45605
-59568
63403
4404
45967
-3038
9887
-9000
3633
23851
-74085
99250
-17708
-9750
-6186
-96903
59973
-99700
93345
-45172
6863
-52658
7673
-52769
-90736
-41860
66745
34886
-50226
-35245
-66330
-73107
41282
8110
-44996
-40607
67424
29288
-54228
-58335
-65394
31175
-44692
-23892
-5679
-70168
-59110
-80685
-32880
27853
-42127
18373
-76096
9455
-6987
-25249
58063
-6099
-88356
-55915
89392
90405
21009
-70303
5394
-70799
1564
-40238
-33956
-34782
-87837
-77078
91353
97563
95862
-14727
54696
-72140
-79021
61148
72284
91394
15883
-72630
14789
-1173
-63429
5232
49631
-58223
-82166
-77899
-78950
53203
19660
77369
-84632
10995
-24509
83677
45995
-7012
-64913
29193
90904
-74461
-30906
-8745
57543
62307
-9831
-3263
73625
-44854
7793
-79000
-83776
21994
-66871
-48448
-16789
-82175
13424
-35259
63024
43545
-29839
-4141
19917
-97865
1547
-51926
71639
-15803
22195
-89141
20651
93640
-46962
-94492
-74135
-24436
-50837
-93103
41807
-36711
-64319
91362
54680
3516
-56637
-98335
-689
-51229
